timer	TimeStampUTC	Longitude	Latitude	Altitude	horAccuracy	verAccuracy
8787	1266800850239	-122.158747200	47.770745733	6.000000000	47.421633550	70.281001376
14444	1266800856587	-122.158747200	47.770745733	6.000000000	47.421633550	70.281001376
22014	1266800864938	-122.158747200	47.770745733	6.000000000	47.421633550	70.281001376
24048	1266800867030	-122.158747200	47.770745733	6.000000000	47.421633550	70.281001376
24722	1266800867033	-122.158747200	47.770745733	6.000000000	47.421633550	70.281001376
25402	1266800867033	-122.158747200	47.770745733	6.000000000	47.421633550	70.281001376
26086	1266800869125	-122.158747200	47.770745733	6.000000000	76.356885915	113.175756568
26767	1266800869126	-122.158747200	47.770745733	6.000000000	76.356885915	113.175756568
27446	1266800869126	-122.158747200	47.770745733	6.000000000	76.356885915	113.175756568
28124	1266800871204	-122.158847383	47.771009233	14.000000000	47.421633550	70.281001376
28816	1266800871207	-122.158847383	47.771009233	14.000000000	47.421633550	70.281001376
29492	1266800871207	-122.158847383	47.771009233	14.000000000	47.421633550	70.281001376
30179	1266800873332	-122.158847383	47.771009233	14.000000000	47.421633550	70.281001376
30854	1266800873333	-122.158847383	47.771009233	14.000000000	47.421633550	70.281001376
31540	1266800873333	-122.158847383	47.771009233	14.000000000	47.421633550	70.281001376
32226	1266800875411	-122.158847383	47.771009233	14.000000000	47.421633550	70.281001376
32902	1266800875412	-122.158847383	47.771009233	14.000000000	47.421633550	70.281001376
33573	1266800875412	-122.158847383	47.771009233	14.000000000	47.421633550	70.281001376
34256	1266800877494	-122.158847383	47.771009233	14.000000000	47.421633550	70.281001376
34949	1266800878230	-122.158847383	47.771009233	14.000000000	47.421633550	70.281001376
35623	1266800878846	-122.158847383	47.771009233	14.000000000	47.421633550	70.281001376
36306	1266800878848	-122.158847383	47.771009233	14.000000000	47.421633550	70.281001376
36993	1266800880025	-122.158847383	47.771009233	14.000000000	47.421633550	70.281001376
37687	1266800880025	-122.158847383	47.771009233	14.000000000	47.421633550	70.281001376
38369	1266800881396	-122.158847383	47.771009233	14.000000000	47.421633550	70.281001376
39061	1266800882119	-122.158847383	47.771009233	14.000000000	47.421633550	70.281001376
39739	1266800882120	-122.158847383	47.771009233	14.000000000	47.421633550	70.281001376
40434	1266800882120	-122.158847383	47.771009233	14.000000000	47.421633550	70.281001376
41112	1266800884216	-122.158847383	47.771009233	14.000000000	47.421633550	70.281001376
41785	1266800884216	-122.158847383	47.771009233	14.000000000	47.421633550	70.281001376
42471	1266800884216	-122.158847383	47.771009233	14.000000000	47.421633550	70.281001376
43668	1266800886337	-122.158847383	47.771009233	14.000000000	47.421633550	70.281001376
44352	1266800886339	-122.158847383	47.771009233	14.000000000	47.421633550	70.281001376
45274	1266800888436	-122.158847383	47.771009233	14.000000000	47.421633550	70.281001376
45956	1266800888437	-122.158847383	47.771009233	14.000000000	47.421633550	70.281001376
46633	1266800888437	-122.158847383	47.771009233	14.000000000	47.421633550	70.281001376
47313	1266800890569	-122.158847383	47.771009233	14.000000000	47.421633550	70.281001376
47993	1266800890570	-122.158847383	47.771009233	14.000000000	47.421633550	70.281001376
48538	1266800890570	-122.158847383	47.771009233	14.000000000	47.421633550	70.281001376
49208	1266800892698	-122.158847383	47.771009233	14.000000000	47.421633550	70.281001376
49892	1266800892702	-122.158847383	47.771009233	14.000000000	47.421633550	70.281001376
50564	1266800892702	-122.158847383	47.771009233	14.000000000	47.421633550	70.281001376
51245	1266800892702	-122.158847383	47.771009233	14.000000000	47.421633550	70.281001376
51956	1266800894823	-122.158847383	47.771009233	14.000000000	47.421633550	70.281001376
52630	1266800894824	-122.158847383	47.771009233	14.000000000	47.421633550	70.281001376
53311	1266800894824	-122.158847383	47.771009233	14.000000000	47.421633550	70.281001376
53999	1266800896935	-122.158847383	47.771009233	14.000000000	47.421633550	70.281001376
54695	1266800896936	-122.158847383	47.771009233	14.000000000	47.421633550	70.281001376
55395	1266800896936	-122.158847383	47.771009233	14.000000000	47.421633550	70.281001376
56081	1266800899057	-122.158847383	47.771009233	14.000000000	47.421633550	70.281001376
56762	1266800899058	-122.158847383	47.771009233	14.000000000	47.421633550	70.281001376
57439	1266800899058	-122.158847383	47.771009233	14.000000000	47.421633550	70.281001376
58207	1266800901151	-122.158847383	47.771009233	14.000000000	47.421633550	70.281001376
58766	1266800901151	-122.158847383	47.771009233	14.000000000	47.421633550	70.281001376
59371	1266800901151	-122.158847383	47.771009233	14.000000000	47.421633550	70.281001376
60050	1266800903253	-122.158847383	47.771009233	14.000000000	47.421633550	70.281001376
60731	1266800903253	-122.158847383	47.771009233	14.000000000	47.421633550	70.281001376
61420	1266800903253	-122.158847383	47.771009233	14.000000000	47.421633550	70.281001376
62102	1266800905318	-122.158847383	47.771009233	14.000000000	47.421633550	70.281001376
62783	1266800905320	-122.158847383	47.771009233	14.000000000	47.421633550	70.281001376
63457	1266800905320	-122.158847383	47.771009233	14.000000000	47.421633550	70.281001376
64173	1266800907425	-122.158847383	47.771009233	14.000000000	47.421633550	70.281001376
64852	1266800907428	-122.158847383	47.771009233	14.000000000	47.421633550	70.281001376
65535	1266800907428	-122.158847383	47.771009233	14.000000000	47.421633550	70.281001376
66213	1266800909506	-122.158847383	47.771009233	14.000000000	47.421633550	70.281001376
66884	1266800909507	-122.158847383	47.771009233	14.000000000	47.421633550	70.281001376
67565	1266800909507	-122.158847383	47.771009233	14.000000000	47.421633550	70.281001376
68247	1266800911614	-122.158847383	47.771009233	14.000000000	47.421633550	70.281001376
68937	1266800911615	-122.158847383	47.771009233	14.000000000	47.421633550	70.281001376
69616	1266800911615	-122.158847383	47.771009233	14.000000000	47.421633550	70.281001376
70320	1266800913678	-122.158847383	47.771009233	14.000000000	47.421633550	70.281001376
71005	1266800913679	-122.158847383	47.771009233	14.000000000	47.421633550	70.281001376
71697	1266800913679	-122.158847383	47.771009233	14.000000000	47.421633550	70.281001376
72378	1266800915776	-122.158847383	47.771009233	14.000000000	47.421633550	70.281001376
73068	1266800915777	-122.158847383	47.771009233	14.000000000	47.421633550	70.281001376
73744	1266800915777	-122.158847383	47.771009233	14.000000000	47.421633550	70.281001376
74424	1266800917862	-122.158847383	47.771009233	14.000000000	47.421633550	70.281001376
75106	1266800917863	-122.158847383	47.771009233	14.000000000	47.421633550	70.281001376
76181	1266800917863	-122.158847383	47.771009233	14.000000000	47.421633550	70.281001376
76858	1266800919978	-122.158847383	47.771009233	14.000000000	47.421633550	70.281001376
77526	1266800919979	-122.158847383	47.771009233	14.000000000	47.421633550	70.281001376
78210	1266800919979	-122.158847383	47.771009233	14.000000000	47.421633550	70.281001376
78896	1266800922058	-122.158847383	47.771009233	14.000000000	47.421633550	70.281001376
79572	1266800922059	-122.158847383	47.771009233	14.000000000	47.421633550	70.281001376
80248	1266800922059	-122.158847383	47.771009233	14.000000000	47.421633550	70.281001376
80946	1266800924166	-122.158847383	47.771009233	14.000000000	47.421633550	70.281001376
81627	1266800924168	-122.158847383	47.771009233	14.000000000	47.421633550	70.281001376
82308	1266800924168	-122.158847383	47.771009233	14.000000000	47.421633550	70.281001376
82990	1266800926249	-122.158847383	47.771009233	14.000000000	47.421633550	70.281001376
84514	1266800926250	-122.158847383	47.771009233	14.000000000	47.421633550	70.281001376
85209	1266800928328	-122.158847383	47.771009233	14.000000000	47.421633550	70.281001376
85997	1266800928329	-122.158847383	47.771009233	14.000000000	47.421633550	70.281001376
86690	1266800928329	-122.158847383	47.771009233	14.000000000	47.421633550	70.281001376
87372	1266800930396	-122.158847383	47.771009233	14.000000000	47.421633550	70.281001376
88062	1266800930397	-122.158847383	47.771009233	14.000000000	47.421633550	70.281001376
88743	1266800931669	-122.158847383	47.771009233	14.000000000	47.421633550	70.281001376
89890	1266800932479	-122.158847383	47.771009233	14.000000000	47.421633550	70.281001376
92051	1266800934567	-122.158847383	47.771009233	14.000000000	47.421633550	70.281001376
94729	1266800936643	-122.158847383	47.771009233	14.000000000	47.421633550	70.281001376
95374	1266800938722	-122.158847383	47.771009233	14.000000000	47.421633550	70.281001376
96005	1266800938723	-122.158847383	47.771009233	14.000000000	47.421633550	70.281001376
96533	1266800939579	-122.158847383	47.771009233	14.000000000	47.421633550	70.281001376
97044	1266800940234	-122.158847383	47.771009233	14.000000000	47.421633550	70.281001376
97575	1266800940873	-122.158847383	47.771009233	14.000000000	47.421633550	70.281001376
98082	1266800941503	-122.158847383	47.771009233	14.000000000	47.421633550	70.281001376
98594	1266800941508	-122.158847383	47.771009233	14.000000000	47.421633550	70.281001376
99112	1266800941508	-122.158847383	47.771009233	14.000000000	47.421633550	70.281001376
99636	1266800942886	-122.158847383	47.771009233	14.000000000	47.421633550	70.281001376
100165	1266800943420	-122.158847383	47.771009233	14.000000000	47.421633550	70.281001376
100681	1266800944069	-122.158847383	47.771009233	14.000000000	47.421633550	70.281001376
101192	1266800944070	-122.158847383	47.771009233	14.000000000	47.421633550	70.281001376
101726	1266800944962	-122.158847383	47.771009233	14.000000000	47.421633550	70.281001376
102237	1266800944963	-122.158847383	47.771009233	14.000000000	47.421633550	70.281001376
102759	1266800944963	-122.158847383	47.771009233	14.000000000	47.421633550	70.281001376
103270	1266800944963	-122.158847383	47.771009233	14.000000000	47.421633550	70.281001376
103780	1266800947045	-122.158847383	47.771009233	14.000000000	47.421633550	70.281001376
104287	1266800947047	-122.158847383	47.771009233	14.000000000	47.421633550	70.281001376
104799	1266800947047	-122.158847383	47.771009233	14.000000000	47.421633550	70.281001376
105304	1266800947047	-122.158847383	47.771009233	14.000000000	47.421633550	70.281001376
105815	1266800949161	-122.159205867	47.771138333	20.000000000	47.421633550	70.281001376
106331	1266800949854	-122.159205867	47.771138333	20.000000000	47.421633550	70.281001376
106846	1266800949855	-122.159205867	47.771138333	20.000000000	47.421633550	70.281001376
107365	1266800949855	-122.159205867	47.771138333	20.000000000	47.421633550	70.281001376
107883	1266800951207	-122.159205867	47.771138333	20.000000000	47.421633550	70.281001376
108387	1266800951208	-122.159205867	47.771138333	20.000000000	47.421633550	70.281001376
108898	1266800951208	-122.159205867	47.771138333	20.000000000	47.421633550	70.281001376
109402	1266800952489	-122.159205867	47.771138333	20.000000000	47.421633550	70.281001376
109912	1266800953276	-122.159205867	47.771138333	20.000000000	47.421633550	70.281001376
110418	1266800953277	-122.159205867	47.771138333	20.000000000	47.421633550	70.281001376
110926	1266800953277	-122.159205867	47.771138333	20.000000000	47.421633550	70.281001376
111437	1266800953277	-122.159205867	47.771138333	20.000000000	47.421633550	70.281001376
111948	1266800953277	-122.159205867	47.771138333	20.000000000	47.421633550	70.281001376
112461	1266800955586	-122.159205867	47.771138333	20.000000000	47.421633550	70.281001376
112971	1266800956329	-122.159205867	47.771138333	20.000000000	47.421633550	70.281001376
113482	1266800956330	-122.159205867	47.771138333	20.000000000	47.421633550	70.281001376
113993	1266800956330	-122.159205867	47.771138333	20.000000000	47.421633550	70.281001376
114518	1266800957666	-122.159205867	47.771138333	20.000000000	47.421633550	70.281001376
115024	1266800957668	-122.159205867	47.771138333	20.000000000	47.421633550	70.281001376
115534	1266800957668	-122.159205867	47.771138333	20.000000000	47.421633550	70.281001376
116039	1266800957668	-122.159205867	47.771138333	20.000000000	47.421633550	70.281001376
116548	1266800959737	-122.159205867	47.771138333	20.000000000	47.421633550	70.281001376
117070	1266800959742	-122.159205867	47.771138333	20.000000000	47.421633550	70.281001376
117621	1266800959742	-122.159205867	47.771138333	20.000000000	47.421633550	70.281001376
118144	1266800959742	-122.159205867	47.771138333	20.000000000	47.421633550	70.281001376
118652	1266800961833	-122.159205867	47.771138333	20.000000000	47.421633550	70.281001376
119159	1266800961833	-122.159205867	47.771138333	20.000000000	47.421633550	70.281001376
119711	1266800961833	-122.159205867	47.771138333	20.000000000	47.421633550	70.281001376
121452	1266800964603	-122.159205867	47.771138333	20.000000000	47.421633550	70.281001376
121960	1266800965248	-122.159205867	47.771138333	20.000000000	47.421633550	70.281001376
122484	1266800965970	-122.159205867	47.771138333	20.000000000	47.421633550	70.281001376
123005	1266800965972	-122.159205867	47.771138333	20.000000000	47.421633550	70.281001376
123524	1266800965972	-122.159205867	47.771138333	20.000000000	47.421633550	70.281001376
124057	1266800967171	-122.159205867	47.771138333	20.000000000	47.421633550	70.281001376
124572	1266800968035	-122.159205867	47.771138333	20.000000000	47.421633550	70.281001376
125084	1266800968440	-122.159205867	47.771138333	20.000000000	47.421633550	70.281001376
125593	1266800968440	-122.159205867	47.771138333	20.000000000	47.421633550	70.281001376
126106	1266800968440	-122.159205867	47.771138333	20.000000000	47.421633550	70.281001376
126619	1266800970111	-122.159205867	47.771138333	20.000000000	47.421633550	70.281001376
127130	1266800970111	-122.159205867	47.771138333	20.000000000	47.421633550	70.281001376
127642	1266800970111	-122.159205867	47.771138333	20.000000000	47.421633550	70.281001376
128151	1266800971670	-122.159205867	47.771138333	20.000000000	47.421633550	70.281001376
128660	1266800971673	-122.159205867	47.771138333	20.000000000	47.421633550	70.281001376
129174	1266800972404	-122.159205867	47.771138333	20.000000000	47.421633550	70.281001376
129678	1266800972405	-122.159205867	47.771138333	20.000000000	47.421633550	70.281001376
130189	1266800972405	-122.159205867	47.771138333	20.000000000	47.421633550	70.281001376
130699	1266800972405	-122.159205867	47.771138333	20.000000000	47.421633550	70.281001376
131211	1266800974525	-122.159205867	47.771138333	20.000000000	47.421633550	70.281001376
131722	1266800974527	-122.159205867	47.771138333	20.000000000	47.421633550	70.281001376
132227	1266800974527	-122.159205867	47.771138333	20.000000000	47.421633550	70.281001376
132741	1266800975867	-122.159205867	47.771138333	20.000000000	47.421633550	70.281001376
133258	1266800976624	-122.159205867	47.771138333	20.000000000	47.421633550	70.281001376
133760	1266800976625	-122.159205867	47.771138333	20.000000000	47.421633550	70.281001376
134267	1266800976625	-122.159205867	47.771138333	20.000000000	47.421633550	70.281001376
134776	1266800976625	-122.159205867	47.771138333	20.000000000	47.421633550	70.281001376
135281	1266800978738	-122.159443350	47.771184617	20.000000000	47.421633550	70.281001376
135799	1266800978739	-122.159443350	47.771184617	20.000000000	47.421633550	70.281001376
136308	1266800978739	-122.159443350	47.771184617	20.000000000	47.421633550	70.281001376
136814	1266800978739	-122.159443350	47.771184617	20.000000000	47.421633550	70.281001376
137323	1266800978739	-122.159443350	47.771184617	20.000000000	47.421633550	70.281001376
137834	1266800981277	-122.159464217	47.771179300	20.000000000	47.421633550	70.281001376
138346	1266800981278	-122.159464217	47.771179300	20.000000000	47.421633550	70.281001376
138862	1266800981278	-122.159464217	47.771179300	20.000000000	47.421633550	70.281001376
139386	1266800982641	-122.159480983	47.771174600	21.000000000	47.421633550	70.281001376
139893	1266800983382	-122.159480983	47.771174600	21.000000000	47.421633550	70.281001376
140406	1266800983382	-122.159480983	47.771174600	21.000000000	47.421633550	70.281001376
140914	1266800983382	-122.159480983	47.771174600	21.000000000	47.421633550	70.281001376
141433	1266800983382	-122.159480983	47.771174600	21.000000000	47.421633550	70.281001376
141948	1266800985443	-122.159480983	47.771174600	21.000000000	47.421633550	70.281001376
142454	1266800985444	-122.159480983	47.771174600	21.000000000	47.421633550	70.281001376
142966	1266800985444	-122.159480983	47.771174600	21.000000000	47.421633550	70.281001376
143469	1266800985444	-122.159480983	47.771174600	21.000000000	47.421633550	70.281001376
143979	1266800985444	-122.159480983	47.771174600	21.000000000	47.421633550	70.281001376
144500	1266800987537	-122.159480983	47.771174600	21.000000000	47.421633550	70.281001376
145013	1266800987537	-122.159480983	47.771174600	21.000000000	47.421633550	70.281001376
145529	1266800989036	-122.159480983	47.771174600	21.000000000	47.421633550	70.281001376
146045	1266800989036	-122.159480983	47.771174600	21.000000000	47.421633550	70.281001376
146560	1266800989036	-122.159480983	47.771174600	21.000000000	47.421633550	70.281001376
147066	1266800989036	-122.159480983	47.771174600	21.000000000	47.421633550	70.281001376
147578	1266800989036	-122.159480983	47.771174600	21.000000000	47.421633550	70.281001376
148079	1266800989036	-122.159480983	47.771174600	21.000000000	47.421633550	70.281001376
148603	1266800991688	-122.159480983	47.771174600	21.000000000	47.421633550	70.281001376
149116	1266800991689	-122.159480983	47.771174600	21.000000000	47.421633550	70.281001376
149635	1266800991689	-122.159480983	47.771174600	21.000000000	47.421633550	70.281001376
150136	1266800991689	-122.159480983	47.771174600	21.000000000	47.421633550	70.281001376
150647	1266800993776	-122.159480983	47.771174600	21.000000000	47.421633550	70.281001376
151153	1266800993777	-122.159480983	47.771174600	21.000000000	47.421633550	70.281001376
151658	1266800993777	-122.159480983	47.771174600	21.000000000	47.421633550	70.281001376
152168	1266800993777	-122.159480983	47.771174600	21.000000000	47.421633550	70.281001376
152673	1266800995890	-122.159480983	47.771174600	21.000000000	47.421633550	70.281001376
153181	1266800995890	-122.159480983	47.771174600	21.000000000	47.421633550	70.281001376
153687	1266800995890	-122.159480983	47.771174600	21.000000000	47.421633550	70.281001376
154195	1266800995890	-122.159480983	47.771174600	21.000000000	47.421633550	70.281001376
154702	1266800997993	-122.159480983	47.771174600	21.000000000	47.421633550	70.281001376
155212	1266800997994	-122.159480983	47.771174600	21.000000000	47.421633550	70.281001376
155725	1266800997994	-122.159480983	47.771174600	21.000000000	47.421633550	70.281001376
156229	1266800997994	-122.159480983	47.771174600	21.000000000	47.421633550	70.281001376
156764	1266801000072	-122.159480983	47.771174600	21.000000000	47.421633550	70.281001376
158065	1266801000072	-122.159480983	47.771174600	21.000000000	47.421633550	70.281001376
158591	1266801000072	-122.159480983	47.771174600	21.000000000	47.421633550	70.281001376
159110	1266801002167	-122.159480983	47.771174600	21.000000000	47.421633550	70.281001376
159636	1266801003125	-122.159480983	47.771174600	21.000000000	47.421633550	70.281001376
160151	1266801003126	-122.159480983	47.771174600	21.000000000	47.421633550	70.281001376
160665	1266801003126	-122.159480983	47.771174600	21.000000000	47.421633550	70.281001376
161173	1266801004265	-122.159480983	47.771174600	21.000000000	47.421633550	70.281001376
161682	1266801004266	-122.159480983	47.771174600	21.000000000	47.421633550	70.281001376
162184	1266801004266	-122.159480983	47.771174600	21.000000000	47.421633550	70.281001376
162690	1266801004266	-122.159480983	47.771174600	21.000000000	47.421633550	70.281001376
163215	1266801006334	-122.159480983	47.771174600	21.000000000	47.421633550	70.281001376
163736	1266801006335	-122.159480983	47.771174600	21.000000000	47.421633550	70.281001376
164260	1266801007593	-122.159480983	47.771174600	21.000000000	47.421633550	70.281001376
164771	1266801007594	-122.159480983	47.771174600	21.000000000	47.421633550	70.281001376
165284	1266801008446	-122.159480983	47.771174600	21.000000000	47.421633550	70.281001376
165803	1266801008447	-122.159480983	47.771174600	21.000000000	47.421633550	70.281001376
166314	1266801009518	-122.159480983	47.771174600	21.000000000	47.421633550	70.281001376
166825	1266801009520	-122.159480983	47.771174600	21.000000000	47.421633550	70.281001376
167342	1266801010528	-122.159480983	47.771174600	21.000000000	47.421633550	70.281001376
167844	1266801010530	-122.159480983	47.771174600	21.000000000	47.421633550	70.281001376
168357	1266801010530	-122.159480983	47.771174600	21.000000000	47.421633550	70.281001376
168863	1266801010530	-122.159480983	47.771174600	21.000000000	47.421633550	70.281001376
169375	1266801012622	-122.159480983	47.771174600	21.000000000	47.421633550	70.281001376
169892	1266801012623	-122.159480983	47.771174600	21.000000000	47.421633550	70.281001376
170397	1266801012623	-122.159480983	47.771174600	21.000000000	47.421633550	70.281001376
170903	1266801014019	-122.159480983	47.771174600	21.000000000	47.421633550	70.281001376
171413	1266801014732	-122.159480983	47.771174600	21.000000000	47.421633550	70.281001376
171926	1266801014733	-122.159480983	47.771174600	21.000000000	47.421633550	70.281001376
172438	1266801014733	-122.159480983	47.771174600	21.000000000	47.421633550	70.281001376
172957	1266801014733	-122.159480983	47.771174600	21.000000000	47.421633550	70.281001376
173459	1266801016810	-122.159480983	47.771174600	21.000000000	47.421633550	70.281001376
173994	1266801016816	-122.159480983	47.771174600	21.000000000	47.421633550	70.281001376
174515	1266801017520	-122.159480983	47.771174600	21.000000000	47.421633550	70.281001376
175026	1266801018226	-122.159480983	47.771174600	21.000000000	47.421633550	70.281001376
175538	1266801018227	-122.159480983	47.771174600	21.000000000	47.421633550	70.281001376
176047	1266801018227	-122.159480983	47.771174600	21.000000000	47.421633550	70.281001376
176560	1266801018227	-122.159480983	47.771174600	21.000000000	47.421633550	70.281001376
177066	1266801020281	-122.159480983	47.771174600	21.000000000	47.421633550	70.281001376
177572	1266801020281	-122.159480983	47.771174600	21.000000000	47.421633550	70.281001376
178084	1266801020281	-122.159480983	47.771174600	21.000000000	47.421633550	70.281001376
178593	1266801020281	-122.159480983	47.771174600	21.000000000	47.421633550	70.281001376
179105	1266801022377	-122.159480983	47.771174600	21.000000000	47.421633550	70.281001376
179627	1266801023075	-122.159480983	47.771174600	21.000000000	47.421633550	70.281001376
180149	1266801023076	-122.159480983	47.771174600	21.000000000	47.421633550	70.281001376
180650	1266801023076	-122.159480983	47.771174600	21.000000000	47.421633550	70.281001376
181160	1266801024444	-122.159606967	47.770914283	25.000000000	47.421633550	70.281001376
181678	1266801024445	-122.159606967	47.770914283	25.000000000	47.421633550	70.281001376
182202	1266801024445	-122.159606967	47.770914283	25.000000000	47.421633550	70.281001376
182715	1266801024445	-122.159606967	47.770914283	25.000000000	47.421633550	70.281001376
183225	1266801026550	-122.159606967	47.770914283	25.000000000	47.421633550	70.281001376
183737	1266801026551	-122.159606967	47.770914283	25.000000000	47.421633550	70.281001376
184260	1266801027272	-122.159606967	47.770914283	25.000000000	47.421633550	70.281001376
184767	1266801027951	-122.159606967	47.770914283	25.000000000	47.421633550	70.281001376
185274	1266801028686	-122.159606967	47.770914283	25.000000000	47.421633550	70.281001376
185783	1266801028687	-122.159606967	47.770914283	25.000000000	47.421633550	70.281001376
186291	1266801028687	-122.159606967	47.770914283	25.000000000	47.421633550	70.281001376
186801	1266801028687	-122.159606967	47.770914283	25.000000000	47.421633550	70.281001376
187305	1266801030778	-122.159606967	47.770914283	25.000000000	47.421633550	70.281001376
187815	1266801030779	-122.159606967	47.770914283	25.000000000	47.421633550	70.281001376
188327	1266801031505	-122.159606967	47.770914283	25.000000000	47.421633550	70.281001376
188832	1266801031506	-122.159606967	47.770914283	25.000000000	47.421633550	70.281001376
189346	1266801031506	-122.159606967	47.770914283	25.000000000	47.421633550	70.281001376
189869	1266801031506	-122.159606967	47.770914283	25.000000000	47.421633550	70.281001376
190380	1266801033637	-122.159606967	47.770914283	25.000000000	47.421633550	70.281001376
190904	1266801034311	-122.159606967	47.770914283	25.000000000	47.421633550	70.281001376
191414	1266801034312	-122.159606967	47.770914283	25.000000000	47.421633550	70.281001376
191919	1266801035022	-122.159606967	47.770914283	25.000000000	47.421633550	70.281001376
192426	1266801035748	-122.159606967	47.770914283	25.000000000	47.421633550	70.281001376
192927	1266801035749	-122.159606967	47.770914283	25.000000000	47.421633550	70.281001376
193433	1266801035749	-122.159606967	47.770914283	25.000000000	47.421633550	70.281001376
193952	1266801035749	-122.159606967	47.770914283	25.000000000	47.421633550	70.281001376
194467	1266801037865	-122.159792600	47.770910667	24.000000000	47.421633550	70.281001376
194979	1266801037866	-122.159792600	47.770910667	24.000000000	47.421633550	70.281001376
195489	1266801037866	-122.159792600	47.770910667	24.000000000	47.421633550	70.281001376
196004	1266801037866	-122.159792600	47.770910667	24.000000000	47.421633550	70.281001376
196514	1266801039989	-122.159860117	47.770921250	24.000000000	47.421633550	70.281001376
197031	1266801039989	-122.159860117	47.770921250	24.000000000	47.421633550	70.281001376
197653	1266801039989	-122.159860117	47.770921250	24.000000000	47.421633550	70.281001376
198162	1266801039989	-122.159860117	47.770921250	24.000000000	47.421633550	70.281001376
198672	1266801042105	-122.159926300	47.770933750	24.000000000	47.421633550	70.281001376
199177	1266801042106	-122.159926300	47.770933750	24.000000000	47.421633550	70.281001376
199686	1266801042802	-122.159926300	47.770933750	24.000000000	47.421633550	70.281001376
200196	1266801042802	-122.159926300	47.770933750	24.000000000	47.421633550	70.281001376
200706	1266801044199	-122.159926300	47.770933750	24.000000000	47.421633550	70.281001376
201211	1266801044199	-122.159926300	47.770933750	24.000000000	47.421633550	70.281001376
201724	1266801044199	-122.159926300	47.770933750	24.000000000	47.421633550	70.281001376
202236	1266801044199	-122.159926300	47.770933750	24.000000000	47.421633550	70.281001376
202760	1266801044199	-122.159926300	47.770933750	24.000000000	47.421633550	70.281001376
203286	1266801044199	-122.159926300	47.770933750	24.000000000	47.421633550	70.281001376
203798	1266801047281	-122.159926300	47.770933750	24.000000000	47.421633550	70.281001376
204307	1266801047282	-122.159926300	47.770933750	24.000000000	47.421633550	70.281001376
204818	1266801047916	-122.159926300	47.770933750	24.000000000	47.421633550	70.281001376
205337	1266801048419	-122.159926300	47.770933750	24.000000000	47.421633550	70.281001376
205855	1266801048420	-122.159926300	47.770933750	24.000000000	47.421633550	70.281001376
206368	1266801048420	-122.159926300	47.770933750	24.000000000	47.421633550	70.281001376
206887	1266801048420	-122.159926300	47.770933750	24.000000000	47.421633550	70.281001376
207411	1266801050552	-122.159926300	47.770933750	24.000000000	47.421633550	70.281001376
207917	1266801050552	-122.159926300	47.770933750	24.000000000	47.421633550	70.281001376
208431	1266801050552	-122.159926300	47.770933750	24.000000000	47.421633550	70.281001376
208941	1266801050552	-122.159926300	47.770933750	24.000000000	47.421633550	70.281001376
209454	1266801052648	-122.159926300	47.770933750	24.000000000	47.421633550	70.281001376
209962	1266801052649	-122.159926300	47.770933750	24.000000000	47.421633550	70.281001376
210480	1266801052649	-122.159926300	47.770933750	24.000000000	47.421633550	70.281001376
210991	1266801052649	-122.159926300	47.770933750	24.000000000	47.421633550	70.281001376
211515	1266801054734	-122.159926300	47.770933750	24.000000000	47.421633550	70.281001376
212032	1266801054736	-122.159926300	47.770933750	24.000000000	47.421633550	70.281001376
212541	1266801054736	-122.159926300	47.770933750	24.000000000	47.421633550	70.281001376
213048	1266801054736	-122.159926300	47.770933750	24.000000000	47.421633550	70.281001376
213554	1266801056826	-122.159926300	47.770933750	24.000000000	47.421633550	70.281001376
214059	1266801056828	-122.159926300	47.770933750	24.000000000	47.421633550	70.281001376
214562	1266801056828	-122.159926300	47.770933750	24.000000000	47.421633550	70.281001376
215071	1266801056828	-122.159926300	47.770933750	24.000000000	47.421633550	70.281001376
215582	1266801058901	-122.159926300	47.770933750	24.000000000	47.421633550	70.281001376
216086	1266801058902	-122.159926300	47.770933750	24.000000000	47.421633550	70.281001376
216590	1266801058902	-122.159926300	47.770933750	24.000000000	47.421633550	70.281001376
217096	1266801058902	-122.159926300	47.770933750	24.000000000	47.421633550	70.281001376
217607	1266801060999	-122.159926300	47.770933750	24.000000000	47.421633550	70.281001376
218116	1266801061000	-122.159926300	47.770933750	24.000000000	47.421633550	70.281001376
218649	1266801061705	-122.159926300	47.770933750	24.000000000	47.421633550	70.281001376
219160	1266801061705	-122.159926300	47.770933750	24.000000000	47.421633550	70.281001376
219672	1266801063069	-122.159926300	47.770933750	24.000000000	47.421633550	70.281001376
220183	1266801063071	-122.159926300	47.770933750	24.000000000	47.421633550	70.281001376
220700	1266801064259	-122.159926300	47.770933750	24.000000000	47.421633550	70.281001376
221219	1266801064259	-122.159926300	47.770933750	24.000000000	47.421633550	70.281001376
221733	1266801065152	-122.160210183	47.771140367	26.000000000	47.421633550	70.281001376
222242	1266801065156	-122.160210183	47.771140367	26.000000000	47.421633550	70.281001376
222775	1266801065156	-122.160210183	47.771140367	26.000000000	47.421633550	70.281001376
223280	1266801065156	-122.160210183	47.771140367	26.000000000	47.421633550	70.281001376
223799	1266801067191	-122.160210183	47.771140367	26.000000000	47.421633550	70.281001376
224311	1266801067468	-122.160210183	47.771140367	26.000000000	47.421633550	70.281001376
224818	1266801068105	-122.160210183	47.771140367	26.000000000	47.421633550	70.281001376
225329	1266801068759	-122.160210183	47.771140367	26.000000000	47.421633550	70.281001376
225857	1266801069287	-122.160210183	47.771140367	26.000000000	47.421633550	70.281001376
226363	1266801069290	-122.160210183	47.771140367	26.000000000	47.421633550	70.281001376
226882	1266801069290	-122.160210183	47.771140367	26.000000000	47.421633550	70.281001376
227398	1266801069290	-122.160210183	47.771140367	26.000000000	47.421633550	70.281001376
227899	1266801071378	-122.160210183	47.771140367	26.000000000	47.421633550	70.281001376
228410	1266801071381	-122.160210183	47.771140367	26.000000000	47.421633550	70.281001376
228924	1266801072104	-122.160210183	47.771140367	26.000000000	47.421633550	70.281001376
229452	1266801072739	-122.160210183	47.771140367	26.000000000	47.421633550	70.281001376
229970	1266801073468	-122.160222183	47.771257150	25.000000000	47.421633550	23.164149319
230486	1266801073469	-122.160222183	47.771257150	25.000000000	47.421633550	23.164149319
231001	1266801074025	-122.160222183	47.771257150	25.000000000	47.421633550	70.281001376
231520	1266801074640	-122.160222183	47.771257150	25.000000000	47.421633550	70.281001376
232031	1266801075525	-122.160222183	47.771257150	25.000000000	47.421633550	23.164149319
232536	1266801075938	-122.160222183	47.771257150	25.000000000	17.068495254	23.164149319
233054	1266801076587	-122.160222183	47.771257150	25.000000000	47.421633550	70.281001376
233566	1266801076588	-122.160222183	47.771257150	25.000000000	47.421633550	70.281001376
234073	1266801077588	-122.160222183	47.771257150	25.000000000	47.421633550	23.164149319
234590	1266801077873	-122.160222183	47.771257150	25.000000000	17.068495254	23.164149319
235097	1266801078499	-122.160222183	47.771257150	25.000000000	17.068495254	23.164149319
235624	1266801078500	-122.160222183	47.771257150	25.000000000	17.068495254	23.164149319
236790	1266801079794	-122.160222183	47.771257150	25.000000000	17.068495254	23.164149319
237461	1266801080419	-122.160222183	47.771257150	25.000000000	17.068495254	23.164149319
238240	1266801081753	-122.160222183	47.771257150	25.000000000	17.068495254	23.164149319
238883	1266801081800	-122.160222183	47.771257150	25.000000000	17.068495254	23.164149319
239418	1266801082361	-122.160222183	47.771257150	25.000000000	17.068495254	23.164149319
239933	1266801082985	-122.160222183	47.771257150	25.000000000	17.068495254	23.164149319
240446	1266801083796	-122.160222183	47.771257150	25.000000000	17.068495254	23.164149319
240969	1266801084258	-122.160222183	47.771257150	25.000000000	17.068495254	23.164149319
241485	1266801084904	-122.160222183	47.771257150	25.000000000	17.068495254	23.164149319
242004	1266801084909	-122.160222183	47.771257150	25.000000000	17.068495254	23.164149319
242532	1266801085907	-122.160222183	47.771257150	25.000000000	47.421633550	70.281001376
243041	1266801085908	-122.160222183	47.771257150	25.000000000	47.421633550	70.281001376
243553	1266801085908	-122.160222183	47.771257150	25.000000000	47.421633550	70.281001376
244068	1266801085908	-122.160222183	47.771257150	25.000000000	47.421633550	70.281001376
244588	1266801088010	-122.160222183	47.771257150	25.000000000	17.068495254	23.164149319
245103	1266801088013	-122.160222183	47.771257150	25.000000000	17.068495254	23.164149319
245610	1266801088013	-122.160222183	47.771257150	25.000000000	17.068495254	23.164149319
246120	1266801088013	-122.160222183	47.771257150	25.000000000	17.068495254	23.164149319
246637	1266801090133	-122.160222183	47.771257150	25.000000000	17.068495254	23.164149319
247144	1266801090135	-122.160222183	47.771257150	25.000000000	17.068495254	23.164149319
247653	1266801090135	-122.160222183	47.771257150	25.000000000	17.068495254	23.164149319
248177	1266801090135	-122.160222183	47.771257150	25.000000000	17.068495254	23.164149319
248699	1266801090135	-122.160222183	47.771257150	25.000000000	17.068495254	23.164149319
249288	1266801092230	-122.160215500	47.771349250	25.000000000	17.068495254	23.164149319
249800	1266801092230	-122.160215500	47.771349250	25.000000000	17.068495254	23.164149319
250310	1266801092230	-122.160215500	47.771349250	25.000000000	17.068495254	23.164149319
250820	1266801094340	-122.160214783	47.771353733	25.000000000	17.068495254	23.164149319
251333	1266801094340	-122.160214783	47.771353733	25.000000000	17.068495254	23.164149319
251849	1266801094340	-122.160214783	47.771353733	25.000000000	17.068495254	23.164149319
252356	1266801094340	-122.160214783	47.771353733	25.000000000	17.068495254	23.164149319
252871	1266801094340	-122.160214783	47.771353733	25.000000000	17.068495254	23.164149319
253373	1266801094340	-122.160214783	47.771353733	25.000000000	17.068495254	23.164149319
253897	1266801094340	-122.160214783	47.771353733	25.000000000	17.068495254	23.164149319
254409	1266801094340	-122.160214783	47.771353733	25.000000000	17.068495254	23.164149319
254916	1266801094340	-122.160214783	47.771353733	25.000000000	17.068495254	23.164149319
255427	1266801098548	-122.160213900	47.771365450	25.000000000	47.421633550	70.281001376
255931	1266801098549	-122.160213900	47.771365450	25.000000000	47.421633550	70.281001376
256440	1266801098549	-122.160213900	47.771365450	25.000000000	47.421633550	70.281001376
256947	1266801098549	-122.160213900	47.771365450	25.000000000	47.421633550	70.281001376
257464	1266801100673	-122.160214683	47.771374117	25.000000000	47.421633550	70.281001376
257973	1266801100674	-122.160214683	47.771374117	25.000000000	47.421633550	70.281001376
258477	1266801100674	-122.160214683	47.771374117	25.000000000	47.421633550	70.281001376
258989	1266801100674	-122.160214683	47.771374117	25.000000000	47.421633550	70.281001376
259506	1266801102769	-122.160214683	47.771374117	25.000000000	17.068495254	23.164149319
260024	1266801102769	-122.160214683	47.771374117	25.000000000	17.068495254	23.164149319
260541	1266801102769	-122.160214683	47.771374117	25.000000000	17.068495254	23.164149319
261046	1266801102769	-122.160214683	47.771374117	25.000000000	17.068495254	23.164149319
261567	1266801104825	-122.160214683	47.771374117	25.000000000	47.421633550	70.281001376
262068	1266801104825	-122.160214683	47.771374117	25.000000000	47.421633550	70.281001376
262577	1266801104825	-122.160214683	47.771374117	25.000000000	47.421633550	70.281001376
263084	1266801104825	-122.160214683	47.771374117	25.000000000	47.421633550	70.281001376
263615	1266801106926	-122.160214683	47.771374117	25.000000000	47.421633550	70.281001376
264145	1266801106927	-122.160214683	47.771374117	25.000000000	47.421633550	70.281001376
264651	1266801106927	-122.160214683	47.771374117	25.000000000	47.421633550	70.281001376
265159	1266801106927	-122.160214683	47.771374117	25.000000000	47.421633550	70.281001376
265660	1266801108993	-122.160214683	47.771374117	25.000000000	47.421633550	70.281001376
266178	1266801109701	-122.160214683	47.771374117	25.000000000	47.421633550	70.281001376
266683	1266801109702	-122.160214683	47.771374117	25.000000000	47.421633550	70.281001376
267185	1266801109702	-122.160214683	47.771374117	25.000000000	47.421633550	70.281001376
267710	1266801111077	-122.160214683	47.771374117	25.000000000	47.421633550	70.281001376
268216	1266801111787	-122.160214683	47.771374117	25.000000000	47.421633550	70.281001376
268734	1266801111787	-122.160214683	47.771374117	25.000000000	47.421633550	70.281001376
269242	1266801111788	-122.160214683	47.771374117	25.000000000	47.421633550	70.281001376
269753	1266801113143	-122.160214683	47.771374117	25.000000000	47.421633550	70.281001376
270271	1266801113144	-122.160214683	47.771374117	25.000000000	47.421633550	70.281001376
270790	1266801113144	-122.160214683	47.771374117	25.000000000	47.421633550	70.281001376
271304	1266801113144	-122.160214683	47.771374117	25.000000000	47.421633550	70.281001376
271831	1266801115230	-122.160214683	47.771374117	25.000000000	17.068495254	70.281001376
272348	1266801115230	-122.160214683	47.771374117	25.000000000	17.068495254	70.281001376
272859	1266801115926	-122.160214683	47.771374117	25.000000000	47.421633550	70.281001376
273383	1266801116605	-122.160214683	47.771374117	25.000000000	47.421633550	70.281001376
274166	1266801117337	-122.160214683	47.771374117	25.000000000	47.421633550	70.281001376
274810	1266801118013	-122.160214683	47.771374117	25.000000000	47.421633550	70.281001376
275319	1266801118704	-122.160214683	47.771374117	25.000000000	47.421633550	70.281001376
275830	1266801119384	-122.160214683	47.771374117	25.000000000	47.421633550	70.281001376
276351	1266801119384	-122.160214683	47.771374117	25.000000000	47.421633550	70.281001376
276865	1266801120097	-122.160214683	47.771374117	25.000000000	47.421633550	70.281001376
277380	1266801120808	-122.160214683	47.771374117	25.000000000	47.421633550	70.281001376
277901	1266801120810	-122.160214683	47.771374117	25.000000000	47.421633550	70.281001376
278411	1266801121494	-122.160214683	47.771374117	25.000000000	47.421633550	70.281001376
278923	1266801122161	-122.160214683	47.771374117	25.000000000	47.421633550	70.281001376
279439	1266801122932	-122.160214683	47.771374117	25.000000000	47.421633550	70.281001376
279955	1266801122933	-122.160214683	47.771374117	25.000000000	47.421633550	70.281001376
280476	1266801123550	-122.160214683	47.771374117	25.000000000	47.421633550	70.281001376
280987	1266801123558	-122.160214683	47.771374117	25.000000000	47.421633550	70.281001376
281507	1266801123558	-122.160214683	47.771374117	25.000000000	47.421633550	70.281001376
282024	1266801125032	-122.160225267	47.771410933	24.000000000	47.421633550	70.281001376
282536	1266801125032	-122.160225267	47.771410933	24.000000000	47.421633550	70.281001376
283048	1266801125032	-122.160225267	47.771410933	24.000000000	47.421633550	70.281001376
283557	1266801127082	-122.160195850	47.771429450	25.000000000	17.068495254	70.281001376
284083	1266801127381	-122.160195850	47.771429450	25.000000000	47.421633550	70.281001376
284589	1266801127987	-122.160195850	47.771429450	25.000000000	47.421633550	70.281001376
285099	1266801127994	-122.160195850	47.771429450	25.000000000	47.421633550	70.281001376
285624	1266801129155	-122.160195850	47.771429450	25.000000000	47.421633550	70.281001376
286153	1266801129275	-122.160195850	47.771429450	25.000000000	47.421633550	70.281001376
286672	1266801129927	-122.160195850	47.771429450	25.000000000	47.421633550	70.281001376
287177	1266801130560	-122.160195850	47.771429450	25.000000000	47.421633550	70.281001376
287689	1266801130561	-122.160195850	47.771429450	25.000000000	47.421633550	70.281001376
288204	1266801130561	-122.160195850	47.771429450	25.000000000	47.421633550	70.281001376
288713	1266801131944	-122.160195850	47.771429450	25.000000000	47.421633550	70.281001376
289225	1266801131945	-122.160195850	47.771429450	25.000000000	47.421633550	70.281001376
289738	1266801131945	-122.160195850	47.771429450	25.000000000	47.421633550	70.281001376
290268	1266801133350	-122.160195850	47.771429450	25.000000000	47.421633550	70.281001376
290776	1266801133351	-122.160195850	47.771429450	25.000000000	47.421633550	70.281001376
291288	1266801133351	-122.160195850	47.771429450	25.000000000	47.421633550	70.281001376
291802	1266801133351	-122.160195850	47.771429450	25.000000000	47.421633550	70.281001376
292327	1266801135453	-122.159958383	47.771484500	25.000000000	47.421633550	70.281001376
292838	1266801135453	-122.159958383	47.771484500	25.000000000	47.421633550	70.281001376
293350	1266801135453	-122.159958383	47.771484500	25.000000000	47.421633550	70.281001376
293857	1266801135453	-122.159958383	47.771484500	25.000000000	47.421633550	70.281001376
294390	1266801137548	-122.159910283	47.771494200	25.000000000	17.068495254	23.164149319
294909	1266801137548	-122.159910283	47.771494200	25.000000000	17.068495254	23.164149319
295425	1266801138785	-122.159879767	47.771497850	25.000000000	47.421633550	70.281001376
295935	1266801138787	-122.159879767	47.771497850	25.000000000	47.421633550	70.281001376
296457	1266801139613	-122.159879767	47.771497850	25.000000000	17.068495254	23.164149319
296978	1266801140306	-122.159879767	47.771497850	25.000000000	17.068495254	23.164149319
297490	1266801140307	-122.159879767	47.771497850	25.000000000	17.068495254	23.164149319
297991	1266801141018	-122.159879767	47.771497850	25.000000000	47.421633550	70.281001376
298512	1266801141738	-122.159879767	47.771497850	25.000000000	47.421633550	70.281001376
299037	1266801142431	-122.159879767	47.771497850	25.000000000	17.068495254	23.164149319
299547	1266801142432	-122.159879767	47.771497850	25.000000000	17.068495254	23.164149319
300058	1266801143140	-122.159879767	47.771497850	25.000000000	17.068495254	23.164149319
300570	1266801143860	-122.159745650	47.771486767	25.000000000	17.068495254	23.164149319
301081	1266801144560	-122.159745650	47.771486767	25.000000000	17.068495254	23.164149319
301598	1266801144561	-122.159745650	47.771486767	25.000000000	17.068495254	23.164149319
303314	1266801145972	-122.159745650	47.771486767	25.000000000	17.068495254	70.281001376
303831	1266801145972	-122.159745650	47.771486767	25.000000000	17.068495254	70.281001376
304339	1266801145972	-122.159745650	47.771486767	25.000000000	17.068495254	70.281001376
304849	1266801148077	-122.159668083	47.771478650	25.000000000	47.421633550	70.281001376
305355	1266801148078	-122.159668083	47.771478650	25.000000000	47.421633550	70.281001376
305865	1266801148078	-122.159668083	47.771478650	25.000000000	47.421633550	70.281001376
306400	1266801149442	-122.159647883	47.771473300	25.000000000	17.068495254	23.164149319
306903	1266801150190	-122.159639250	47.771464700	25.000000000	17.068495254	23.164149319
307413	1266801150191	-122.159639250	47.771464700	25.000000000	17.068495254	23.164149319
307922	1266801150191	-122.159639250	47.771464700	25.000000000	17.068495254	23.164149319
308435	1266801151551	-122.159623817	47.771454700	25.000000000	17.068495254	23.164149319
308948	1266801152275	-122.159623817	47.771454700	25.000000000	17.068495254	23.164149319
309472	1266801152988	-122.159623817	47.771454700	25.000000000	17.068495254	23.164149319
309977	1266801152989	-122.159623817	47.771454700	25.000000000	17.068495254	23.164149319
310488	1266801152989	-122.159623817	47.771454700	25.000000000	17.068495254	23.164149319
311009	1266801154414	-122.159623817	47.771454700	25.000000000	47.421633550	70.281001376
311521	1266801154907	-122.159623817	47.771454700	25.000000000	47.421633550	70.281001376
312024	1266801154908	-122.159623817	47.771454700	25.000000000	47.421633550	70.281001376
312532	1266801154908	-122.159623817	47.771454700	25.000000000	47.421633550	70.281001376
313035	1266801156520	-122.159608917	47.771391583	25.000000000	47.421633550	70.281001376
313543	1266801156521	-122.159608917	47.771391583	25.000000000	47.421633550	70.281001376
314049	1266801156521	-122.159608917	47.771391583	25.000000000	47.421633550	70.281001376
314553	1266801156521	-122.159608917	47.771391583	25.000000000	47.421633550	70.281001376
315064	1266801156521	-122.159608917	47.771391583	25.000000000	47.421633550	70.281001376
315571	1266801158670	-122.159604083	47.771364833	25.000000000	47.421633550	70.281001376
316074	1266801158671	-122.159604083	47.771364833	25.000000000	47.421633550	70.281001376
316583	1266801158671	-122.159604083	47.771364833	25.000000000	47.421633550	70.281001376
317095	1266801158671	-122.159604083	47.771364833	25.000000000	47.421633550	70.281001376
317618	1266801160775	-122.159601550	47.771334783	24.000000000	47.421633550	70.281001376
318137	1266801160775	-122.159601550	47.771334783	24.000000000	47.421633550	70.281001376
318643	1266801160775	-122.159601550	47.771334783	24.000000000	47.421633550	70.281001376
319152	1266801160775	-122.159601550	47.771334783	24.000000000	47.421633550	70.281001376
319668	1266801162900	-122.159601550	47.771334783	24.000000000	47.421633550	70.281001376
320178	1266801162900	-122.159601550	47.771334783	24.000000000	47.421633550	70.281001376
320685	1266801162900	-122.159601550	47.771334783	24.000000000	47.421633550	70.281001376
321190	1266801162900	-122.159601550	47.771334783	24.000000000	47.421633550	70.281001376
321701	1266801165030	-122.159601550	47.771334783	24.000000000	47.421633550	70.281001376
322206	1266801165728	-122.159601550	47.771334783	24.000000000	47.421633550	70.281001376
322716	1266801165729	-122.159601550	47.771334783	24.000000000	47.421633550	70.281001376
324338	1266801167853	-122.159601550	47.771334783	24.000000000	47.421633550	70.281001376
324854	1266801167853	-122.159601550	47.771334783	24.000000000	47.421633550	70.281001376
325359	1266801167853	-122.159601550	47.771334783	24.000000000	47.421633550	70.281001376
325876	1266801167853	-122.159601550	47.771334783	24.000000000	47.421633550	70.281001376
326400	1266801167853	-122.159601550	47.771334783	24.000000000	47.421633550	70.281001376
326908	1266801169976	-122.159611050	47.771233200	25.000000000	47.421633550	70.281001376
327422	1266801169976	-122.159611050	47.771233200	25.000000000	47.421633550	70.281001376
327944	1266801169976	-122.159611050	47.771233200	25.000000000	47.421633550	70.281001376
328451	1266801169976	-122.159611050	47.771233200	25.000000000	47.421633550	70.281001376
328958	1266801172089	-122.159611900	47.771213650	25.000000000	47.421633550	70.281001376
329475	1266801172091	-122.159611900	47.771213650	25.000000000	47.421633550	70.281001376
329976	1266801172091	-122.159611900	47.771213650	25.000000000	47.421633550	70.281001376
330487	1266801172091	-122.159611900	47.771213650	25.000000000	47.421633550	70.281001376
331006	1266801174181	-122.159611900	47.771213650	25.000000000	47.421633550	70.281001376
331528	1266801174884	-122.159611900	47.771213650	25.000000000	47.421633550	70.281001376
332046	1266801174885	-122.159611900	47.771213650	25.000000000	47.421633550	70.281001376
332553	1266801174885	-122.159611900	47.771213650	25.000000000	47.421633550	70.281001376
333064	1266801176245	-122.159611900	47.771213650	25.000000000	47.421633550	70.281001376
333812	1266801176246	-122.159611900	47.771213650	25.000000000	47.421633550	70.281001376
334450	1266801177656	-122.159611900	47.771213650	25.000000000	47.421633550	70.281001376
334976	1266801177656	-122.159611900	47.771213650	25.000000000	47.421633550	70.281001376
335507	1266801179018	-122.159611900	47.771213650	25.000000000	47.421633550	70.281001376
336250	1266801179018	-122.159611900	47.771213650	25.000000000	47.421633550	70.281001376
336883	1266801179757	-122.159611900	47.771213650	25.000000000	76.356885915	113.175756568
337401	1266801179757	-122.159611900	47.771213650	25.000000000	76.356885915	113.175756568
337913	1266801179757	-122.159611900	47.771213650	25.000000000	76.356885915	113.175756568
338416	1266801181805	-122.159611900	47.771213650	25.000000000	47.421633550	70.281001376
338921	1266801181807	-122.159611900	47.771213650	25.000000000	47.421633550	70.281001376
339432	1266801182525	-122.159611900	47.771213650	25.000000000	47.421633550	70.281001376
339957	1266801183249	-122.159611900	47.771213650	25.000000000	47.421633550	70.281001376
340460	1266801183893	-122.159611900	47.771213650	25.000000000	47.421633550	70.281001376
345809	1266801188365	-122.159611900	47.771213650	25.000000000	47.421633550	70.281001376
347125	1266801189689	-122.159611900	47.771213650	25.000000000	47.421633550	70.281001376
347809	1266801191062	-122.159611900	47.771213650	25.000000000	47.421633550	70.281001376
348491	1266801191774	-122.159611900	47.771213650	25.000000000	47.421633550	70.281001376
349175	1266801192461	-122.159611900	47.771213650	25.000000000	47.421633550	70.281001376
349865	1266801193154	-122.159611900	47.771213650	25.000000000	47.421633550	70.281001376
350542	1266801193874	-122.159611900	47.771213650	25.000000000	47.421633550	70.281001376
351221	1266801194550	-122.159611900	47.771213650	25.000000000	47.421633550	70.281001376
351903	1266801195254	-122.159611900	47.771213650	25.000000000	47.421633550	70.281001376
352593	1266801195988	-122.159598350	47.771128467	26.000000000	47.421633550	70.281001376
353277	1266801195990	-122.159598350	47.771128467	26.000000000	47.421633550	70.281001376
353951	1266801195990	-122.159598350	47.771128467	26.000000000	47.421633550	70.281001376
354631	1266801198085	-122.159619500	47.771126667	26.000000000	47.421633550	70.281001376
355320	1266801198787	-122.159619500	47.771126667	26.000000000	47.421633550	70.281001376
356001	1266801198788	-122.159619500	47.771126667	26.000000000	47.421633550	70.281001376
356694	1266801200146	-122.159619500	47.771126667	26.000000000	47.421633550	70.281001376
357369	1266801200870	-122.159619500	47.771126667	26.000000000	17.068495254	23.164149319
358040	1266801200870	-122.159619500	47.771126667	26.000000000	17.068495254	23.164149319
358713	1266801200870	-122.159619500	47.771126667	26.000000000	17.068495254	23.164149319
359392	1266801200870	-122.159619500	47.771126667	26.000000000	17.068495254	23.164149319
360078	1266801200870	-122.159619500	47.771126667	26.000000000	17.068495254	23.164149319
360756	1266801203696	-122.159762550	47.771120867	26.000000000	17.068495254	23.164149319
361435	1266801204388	-122.159785300	47.771120283	26.000000000	17.068495254	23.164149319
362121	1266801205068	-122.159785300	47.771120283	26.000000000	17.068495254	23.164149319
362823	1266801205811	-122.159826850	47.771119350	26.000000000	17.068495254	23.164149319
363496	1266801206486	-122.159847583	47.771119117	26.000000000	17.068495254	23.164149319
364204	1266801207180	-122.159847583	47.771119117	26.000000000	47.421633550	70.281001376
364891	1266801207900	-122.159885017	47.771118067	25.000000000	17.068495254	23.164149319
365575	1266801209089	-122.159912100	47.771118000	25.000000000	17.068495254	23.164149319
366395	1266801209747	-122.159928417	47.771117617	25.000000000	17.068495254	23.164149319
367071	1266801210424	-122.159943783	47.771116950	25.000000000	17.068495254	23.164149319
367749	1266801210426	-122.159943783	47.771116950	25.000000000	17.068495254	23.164149319
368453	1266801211337	-122.159964717	47.771116400	25.000000000	17.068495254	23.164149319
369142	1266801212049	-122.159964717	47.771116400	25.000000000	47.421633550	70.281001376
369820	1266801212926	-122.159964717	47.771116400	25.000000000	47.421633550	23.164149319
370490	1266801213626	-122.159964717	47.771116400	25.000000000	47.421633550	70.281001376
371186	1266801214375	-122.160032900	47.771115167	26.000000000	17.068495254	23.164149319
371872	1266801215060	-122.160048667	47.771115367	26.000000000	17.068495254	23.164149319
372553	1266801215745	-122.160048667	47.771115367	26.000000000	17.068495254	23.164149319
373229	1266801216483	-122.160075267	47.771115317	26.000000000	17.068495254	23.164149319
373921	1266801217188	-122.160088350	47.771115350	26.000000000	47.421633550	70.281001376
374611	1266801217867	-122.160088350	47.771115350	26.000000000	47.421633550	70.281001376
375300	1266801218547	-122.160088350	47.771115350	26.000000000	17.068495254	23.164149319
376005	1266801219277	-122.160088350	47.771115350	26.000000000	47.421633550	70.281001376
376744	1266801219965	-122.160088350	47.771115350	26.000000000	47.421633550	70.281001376
377445	1266801220663	-122.160088350	47.771115350	26.000000000	47.421633550	70.281001376
378127	1266801221406	-122.160088350	47.771115350	26.000000000	47.421633550	70.281001376
378813	1266801222032	-122.160088350	47.771115350	26.000000000	47.421633550	70.281001376
379502	1266801222667	-122.160088350	47.771115350	26.000000000	17.068495254	23.164149319
380188	1266801223319	-122.160088350	47.771115350	26.000000000	17.068495254	23.164149319
380874	1266801224000	-122.160088350	47.771115350	26.000000000	47.421633550	70.281001376
381558	1266801224581	-122.160088350	47.771115350	26.000000000	47.421633550	70.281001376
382243	1266801225538	-122.160088350	47.771115350	26.000000000	47.421633550	23.164149319
382929	1266801225884	-122.160088350	47.771115350	26.000000000	17.068495254	23.164149319
383622	1266801226524	-122.160088350	47.771115350	26.000000000	17.068495254	23.164149319
384332	1266801227653	-122.160088350	47.771115350	26.000000000	47.421633550	70.281001376
385017	1266801228356	-122.160088350	47.771115350	26.000000000	47.421633550	70.281001376
385698	1266801228357	-122.160088350	47.771115350	26.000000000	47.421633550	70.281001376
386378	1266801229766	-122.160153417	47.771092450	24.000000000	47.421633550	70.281001376
387065	1266801229767	-122.160153417	47.771092450	24.000000000	47.421633550	70.281001376
387736	1266801229767	-122.160153417	47.771092450	24.000000000	47.421633550	70.281001376
388425	1266801231874	-122.160164650	47.771080067	24.000000000	47.421633550	70.281001376
389093	1266801231875	-122.160164650	47.771080067	24.000000000	47.421633550	70.281001376
389769	1266801231875	-122.160164650	47.771080067	24.000000000	47.421633550	70.281001376
390448	1266801231875	-122.160164650	47.771080067	24.000000000	47.421633550	70.281001376
391127	1266801233989	-122.160178383	47.771061367	24.000000000	47.421633550	70.281001376
391814	1266801233989	-122.160178383	47.771061367	24.000000000	47.421633550	70.281001376
392490	1266801233989	-122.160178383	47.771061367	24.000000000	47.421633550	70.281001376
393185	1266801236127	-122.160189467	47.771040867	23.000000000	47.421633550	70.281001376
393868	1266801237200	-122.160196800	47.771025717	23.000000000	47.421633550	70.281001376
394555	1266801237738	-122.160196800	47.771025717	23.000000000	17.068495254	23.164149319
395242	1266801238308	-122.160207883	47.771004200	22.000000000	47.421633550	70.281001376
395926	1266801238309	-122.160207883	47.771004200	22.000000000	47.421633550	70.281001376
396606	1266801239873	-122.160217450	47.770986300	22.000000000	47.421633550	70.281001376
397296	1266801240397	-122.160217450	47.770986300	22.000000000	47.421633550	70.281001376
397969	1266801241459	-122.160217450	47.770986300	22.000000000	47.421633550	23.164149319
398767	1266801241992	-122.160217450	47.770986300	22.000000000	162.957953194	228.343673256
399439	1266801242492	-122.160217450	47.770986300	22.000000000	47.421633550	70.281001376
400130	1266801242493	-122.160217450	47.770986300	22.000000000	47.421633550	70.281001376
400814	1266801243706	-122.160217450	47.770986300	22.000000000	47.421633550	70.281001376
401491	1266801244588	-122.160238367	47.770934583	24.000000000	47.421633550	70.281001376
402299	1266801244589	-122.160238367	47.770934583	24.000000000	47.421633550	70.281001376
402973	1266801246262	-122.160242533	47.770923083	25.000000000	47.421633550	70.281001376
403666	1266801246915	-122.160242533	47.770923083	25.000000000	47.421633550	70.281001376
404347	1266801246915	-122.160242533	47.770923083	25.000000000	47.421633550	70.281001376
405049	1266801248261	-122.160242533	47.770923083	25.000000000	47.421633550	70.281001376
405729	1266801248784	-122.160242533	47.770923083	25.000000000	76.356885915	113.175756568
406412	1266801249698	-122.160242533	47.770923083	25.000000000	47.421633550	70.281001376
407094	1266801250347	-122.160242533	47.770923083	25.000000000	47.421633550	70.281001376
407772	1266801250963	-122.160242533	47.770923083	25.000000000	47.421633550	70.281001376
408453	1266801251622	-122.160242533	47.770923083	25.000000000	47.421633550	70.281001376
409133	1266801252250	-122.160242533	47.770923083	25.000000000	47.421633550	70.281001376
409810	1266801253020	-122.160242533	47.770923083	25.000000000	47.421633550	70.281001376
410486	1266801253535	-122.160242533	47.770923083	25.000000000	47.421633550	70.281001376
411179	1266801254176	-122.160242533	47.770923083	25.000000000	47.421633550	70.281001376
411885	1266801255111	-122.160242533	47.770923083	25.000000000	47.421633550	70.281001376
412582	1266801255459	-122.160242533	47.770923083	25.000000000	47.421633550	70.281001376
413255	1266801256748	-122.160242533	47.770923083	25.000000000	47.421633550	70.281001376
413944	1266801257366	-122.160242533	47.770923083	25.000000000	47.421633550	70.281001376
414627	1266801258014	-122.160242533	47.770923083	25.000000000	47.421633550	70.281001376
415310	1266801258661	-122.160242533	47.770923083	25.000000000	47.421633550	70.281001376
415994	1266801259346	-122.160242533	47.770923083	25.000000000	47.421633550	70.281001376
416678	1266801259928	-122.160242533	47.770923083	25.000000000	47.421633550	70.281001376
417353	1266801260578	-122.160242533	47.770923083	25.000000000	47.421633550	70.281001376
418027	1266801261389	-122.160242533	47.770923083	25.000000000	47.421633550	70.281001376
418703	1266801261857	-122.160242533	47.770923083	25.000000000	47.421633550	70.281001376
419381	1266801262497	-122.160242533	47.770923083	25.000000000	47.421633550	70.281001376
420070	1266801263490	-122.160242533	47.770923083	25.000000000	47.421633550	113.175756568
420758	1266801263778	-122.160242533	47.770923083	25.000000000	47.421633550	70.281001376
421465	1266801264417	-122.160242533	47.770923083	25.000000000	47.421633550	70.281001376
422162	1266801265581	-122.160242533	47.770923083	25.000000000	47.421633550	113.175756568
422843	1266801266334	-122.160242533	47.770923083	25.000000000	47.421633550	70.281001376
423523	1266801266972	-122.160242533	47.770923083	25.000000000	47.421633550	70.281001376
424219	1266801267704	-122.160242533	47.770923083	25.000000000	47.421633550	70.281001376
424904	1266801268265	-122.160242533	47.770923083	25.000000000	47.421633550	70.281001376
425593	1266801269052	-122.160242533	47.770923083	25.000000000	47.421633550	70.281001376
426275	1266801269767	-122.160242533	47.770923083	25.000000000	47.421633550	70.281001376
426960	1266801270485	-122.160242533	47.770923083	25.000000000	47.421633550	70.281001376
427635	1266801271158	-122.160242533	47.770923083	25.000000000	47.421633550	70.281001376
428325	1266801271161	-122.160242533	47.770923083	25.000000000	47.421633550	70.281001376
429014	1266801272552	-122.160242533	47.770923083	25.000000000	47.421633550	70.281001376
429694	1266801272552	-122.160242533	47.770923083	25.000000000	47.421633550	70.281001376
430378	1266801272552	-122.160242533	47.770923083	25.000000000	47.421633550	70.281001376
431063	1266801274012	-122.160242533	47.770923083	25.000000000	47.421633550	70.281001376
431744	1266801274688	-122.160242533	47.770923083	25.000000000	47.421633550	70.281001376
432441	1266801275352	-122.160242533	47.770923083	25.000000000	47.421633550	70.281001376
433111	1266801276060	-122.160242533	47.770923083	25.000000000	47.421633550	70.281001376
433801	1266801276782	-122.160242533	47.770923083	25.000000000	47.421633550	70.281001376
434487	1266801277478	-122.160242533	47.770923083	25.000000000	47.421633550	70.281001376
435168	1266801278622	-122.160242533	47.770923083	25.000000000	47.421633550	70.281001376
435850	1266801278859	-122.160242533	47.770923083	25.000000000	76.356885915	113.175756568
436530	1266801279961	-122.160242533	47.770923083	25.000000000	47.421633550	70.281001376
437210	1266801279962	-122.160242533	47.770923083	25.000000000	47.421633550	70.281001376
438029	1266801280952	-122.160242533	47.770923083	25.000000000	47.421633550	70.281001376
438700	1266801280952	-122.160242533	47.770923083	25.000000000	47.421633550	70.281001376
439388	1266801282547	-122.160242533	47.770923083	25.000000000	47.421633550	70.281001376
440069	1266801283189	-122.160242533	47.770923083	25.000000000	47.421633550	70.281001376
440758	1266801283806	-122.160242533	47.770923083	25.000000000	47.421633550	70.281001376
441439	1266801284471	-122.160242533	47.770923083	25.000000000	47.421633550	70.281001376
442112	1266801285212	-122.160242533	47.770923083	25.000000000	47.421633550	70.281001376
442814	1266801285730	-122.160242533	47.770923083	25.000000000	47.421633550	70.281001376
443497	1266801287023	-122.160242533	47.770923083	25.000000000	47.421633550	70.281001376
444206	1266801287293	-122.160242533	47.770923083	25.000000000	47.421633550	70.281001376
444875	1266801287299	-122.160242533	47.770923083	25.000000000	47.421633550	70.281001376
445567	1266801288926	-122.160242533	47.770923083	25.000000000	47.421633550	70.281001376
446242	1266801289396	-122.160242533	47.770923083	25.000000000	47.421633550	70.281001376
446930	1266801289397	-122.160242533	47.770923083	25.000000000	47.421633550	70.281001376
447604	1266801289397	-122.160242533	47.770923083	25.000000000	47.421633550	70.281001376
448634	1266801291511	-122.159982200	47.770834983	23.000000000	47.421633550	70.281001376
449306	1266801291512	-122.159982200	47.770834983	23.000000000	47.421633550	70.281001376
449982	1266801291512	-122.159982200	47.770834983	23.000000000	47.421633550	70.281001376
450673	1266801293643	-122.159939950	47.770837400	23.000000000	17.068495254	23.164149319
451350	1266801294330	-122.159913133	47.770837300	23.000000000	17.068495254	23.164149319
452027	1266801295012	-122.159913133	47.770837300	23.000000000	17.068495254	23.164149319
452708	1266801295732	-122.159866850	47.770837583	24.000000000	17.068495254	23.164149319
453390	1266801296445	-122.159845517	47.770838067	24.000000000	17.068495254	23.164149319
454196	1266801296446	-122.159845517	47.770838067	24.000000000	17.068495254	23.164149319
454882	1266801296446	-122.159845517	47.770838067	24.000000000	17.068495254	23.164149319
455566	1266801298556	-122.159806417	47.770841750	24.000000000	17.068495254	23.164149319
456252	1266801298556	-122.159806417	47.770841750	24.000000000	17.068495254	23.164149319
456936	1266801298556	-122.159806417	47.770841750	24.000000000	17.068495254	23.164149319
457609	1266801300656	-122.159785900	47.770841233	24.000000000	17.068495254	23.164149319
458296	1266801301353	-122.159785900	47.770841233	24.000000000	17.068495254	23.164149319
458962	1266801302030	-122.159785900	47.770841233	24.000000000	17.068495254	23.164149319
459643	1266801302829	-122.159785900	47.770841233	24.000000000	47.421633550	70.281001376
460327	1266801303802	-122.159707833	47.770836900	27.000000000	47.421633550	23.164149319
461009	1266801304497	-122.159707833	47.770836900	27.000000000	17.068495254	23.164149319
461703	1266801305185	-122.159707833	47.770836900	27.000000000	17.068495254	23.164149319
462389	1266801305887	-122.159687167	47.770836433	27.000000000	47.421633550	70.281001376
463070	1266801306574	-122.159679750	47.770835767	27.000000000	47.421633550	70.281001376
463778	1266801307274	-122.159679750	47.770835767	27.000000000	17.068495254	23.164149319
464448	1266801307275	-122.159679750	47.770835767	27.000000000	17.068495254	23.164149319
465137	1266801307275	-122.159679750	47.770835767	27.000000000	17.068495254	23.164149319
465884	1266801308937	-122.159679750	47.770835767	27.000000000	47.421633550	70.281001376
466599	1266801309605	-122.159679750	47.770835767	27.000000000	47.421633550	70.281001376
467273	1266801310215	-122.159679750	47.770835767	27.000000000	47.421633550	70.281001376
467949	1266801310883	-122.159679750	47.770835767	27.000000000	47.421633550	70.281001376
468634	1266801312133	-122.159679750	47.770835767	27.000000000	17.068495254	23.164149319
469315	1266801312134	-122.159679750	47.770835767	27.000000000	17.068495254	23.164149319
469991	1266801312134	-122.159679750	47.770835767	27.000000000	17.068495254	23.164149319
470673	1266801312134	-122.159679750	47.770835767	27.000000000	17.068495254	23.164149319
471350	1266801312134	-122.159679750	47.770835767	27.000000000	17.068495254	23.164149319
472016	1266801312134	-122.159679750	47.770835767	27.000000000	17.068495254	23.164149319
472692	1266801312134	-122.159679750	47.770835767	27.000000000	17.068495254	23.164149319
473367	1266801316362	-122.159618500	47.770851100	27.000000000	17.068495254	23.164149319
474058	1266801316363	-122.159618500	47.770851100	27.000000000	17.068495254	23.164149319
474729	1266801316363	-122.159618500	47.770851100	27.000000000	17.068495254	23.164149319
475420	1266801318471	-122.159609150	47.770866433	26.000000000	17.068495254	23.164149319
476112	1266801318472	-122.159609150	47.770866433	26.000000000	17.068495254	23.164149319
476811	1266801319838	-122.159602867	47.770877867	26.000000000	17.068495254	23.164149319
477497	1266801320581	-122.159600517	47.770888550	27.000000000	17.068495254	23.164149319
478315	1266801320581	-122.159600517	47.770888550	27.000000000	17.068495254	23.164149319
478996	1266801320581	-122.159600517	47.770888550	27.000000000	17.068495254	23.164149319
479675	1266801322695	-122.159597717	47.770909633	27.000000000	17.068495254	23.164149319
480352	1266801323641	-122.159597717	47.770909633	27.000000000	47.421633550	70.281001376
481028	1266801323642	-122.159597717	47.770909633	27.000000000	47.421633550	70.281001376
481713	1266801324798	-122.159598883	47.770935150	27.000000000	17.068495254	23.164149319
482394	1266801324798	-122.159598883	47.770935150	27.000000000	17.068495254	23.164149319
483068	1266801324798	-122.159598883	47.770935150	27.000000000	17.068495254	23.164149319
483767	1266801326892	-122.159601733	47.770961983	27.000000000	17.068495254	23.164149319
484440	1266801326893	-122.159601733	47.770961983	27.000000000	17.068495254	23.164149319
485122	1266801326893	-122.159601733	47.770961983	27.000000000	17.068495254	23.164149319
485812	1266801329028	-122.159606633	47.770984550	27.000000000	47.421633550	70.281001376
486490	1266801329029	-122.159606633	47.770984550	27.000000000	47.421633550	70.281001376
487173	1266801329029	-122.159606633	47.770984550	27.000000000	47.421633550	70.281001376
487861	1266801331118	-122.159611667	47.771010750	28.000000000	17.068495254	23.164149319
488551	1266801331119	-122.159611667	47.771010750	28.000000000	17.068495254	23.164149319
489236	1266801331119	-122.159611667	47.771010750	28.000000000	17.068495254	23.164149319
489910	1266801333248	-122.159618567	47.771037667	28.000000000	47.421633550	70.281001376
490584	1266801333249	-122.159618567	47.771037667	28.000000000	47.421633550	70.281001376
491259	1266801333249	-122.159618567	47.771037667	28.000000000	47.421633550	70.281001376
491936	1266801335330	-122.159635117	47.771073717	28.000000000	47.421633550	70.281001376
492609	1266801335331	-122.159635117	47.771073717	28.000000000	47.421633550	70.281001376
493287	1266801336300	-122.159645633	47.771091100	29.000000000	17.068495254	23.164149319
493975	1266801337413	-122.159645633	47.771091100	29.000000000	47.421633550	113.175756568
494656	1266801337595	-122.159645633	47.771091100	29.000000000	47.421633550	70.281001376
495334	1266801338246	-122.159645633	47.771091100	29.000000000	47.421633550	70.281001376
496028	1266801339543	-122.159645633	47.771091100	29.000000000	47.421633550	70.281001376
496703	1266801339543	-122.159645633	47.771091100	29.000000000	47.421633550	70.281001376
497373	1266801339543	-122.159645633	47.771091100	29.000000000	47.421633550	70.281001376
498060	1266801341576	-122.159645633	47.771091100	29.000000000	47.421633550	70.281001376
498746	1266801341576	-122.159645633	47.771091100	29.000000000	47.421633550	70.281001376
499441	1266801341576	-122.159645633	47.771091100	29.000000000	47.421633550	70.281001376
500121	1266801343679	-122.159645633	47.771091100	29.000000000	47.421633550	70.281001376
500812	1266801343679	-122.159645633	47.771091100	29.000000000	47.421633550	70.281001376
501480	1266801343680	-122.159645633	47.771091100	29.000000000	47.421633550	70.281001376
502173	1266801343680	-122.159645633	47.771091100	29.000000000	47.421633550	70.281001376
502848	1266801345799	-122.159645633	47.771091100	29.000000000	47.421633550	70.281001376
503522	1266801346497	-122.159645633	47.771091100	29.000000000	47.421633550	70.281001376
504225	1266801347150	-122.159645633	47.771091100	29.000000000	47.421633550	70.281001376
504898	1266801348424	-122.159645633	47.771091100	29.000000000	47.421633550	70.281001376
505578	1266801349050	-122.159645633	47.771091100	29.000000000	47.421633550	70.281001376
506260	1266801349694	-122.159645633	47.771091100	29.000000000	47.421633550	70.281001376
506943	1266801349935	-122.159645633	47.771091100	29.000000000	47.421633550	70.281001376
507620	1266801349935	-122.159645633	47.771091100	29.000000000	47.421633550	70.281001376
508309	1266801349935	-122.159645633	47.771091100	29.000000000	47.421633550	70.281001376
508989	1266801352042	-122.159645633	47.771091100	29.000000000	47.421633550	70.281001376
509667	1266801352044	-122.159645633	47.771091100	29.000000000	47.421633550	70.281001376
510349	1266801352044	-122.159645633	47.771091100	29.000000000	47.421633550	70.281001376
511026	1266801354158	-122.159810300	47.771176933	28.000000000	17.068495254	23.164149319
511702	1266801354159	-122.159810300	47.771176933	28.000000000	17.068495254	23.164149319
512383	1266801355548	-122.159822000	47.771185033	28.000000000	47.421633550	70.281001376
513060	1266801356282	-122.159822000	47.771185033	28.000000000	47.421633550	70.281001376
513733	1266801356283	-122.159822000	47.771185033	28.000000000	47.421633550	70.281001376
514494	1266801356283	-122.159822000	47.771185033	28.000000000	47.421633550	70.281001376
515348	1266801358413	-122.159832033	47.771211583	28.000000000	17.068495254	23.164149319
516193	1266801359126	-122.159835183	47.771219133	28.000000000	17.068495254	23.164149319
516883	1266801359126	-122.159835183	47.771219133	28.000000000	17.068495254	23.164149319
517569	1266801361062	-122.159837383	47.771218150	28.000000000	47.421633550	23.164149319
518254	1266801361686	-122.159837383	47.771218150	28.000000000	17.068495254	23.164149319
518935	1266801362334	-122.159837383	47.771218150	28.000000000	17.068495254	23.164149319
519617	1266801362610	-122.159837383	47.771218150	28.000000000	17.068495254	23.164149319
520319	1266801363370	-122.159837383	47.771218150	28.000000000	17.068495254	23.164149319
520996	1266801364175	-122.159837383	47.771218150	28.000000000	17.068495254	23.164149319
521676	1266801364874	-122.159837383	47.771218150	28.000000000	17.068495254	23.164149319
522371	1266801365560	-122.159837383	47.771218150	28.000000000	47.421633550	70.281001376
523063	1266801366258	-122.159837383	47.771218150	28.000000000	47.421633550	70.281001376
523765	1266801367000	-122.159777450	47.771196233	28.000000000	47.421633550	70.281001376
524447	1266801367676	-122.159767800	47.771191817	28.000000000	47.421633550	70.281001376
525121	1266801367676	-122.159767800	47.771191817	28.000000000	47.421633550	70.281001376
525816	1266801369070	-122.159767800	47.771191817	28.000000000	17.068495254	23.164149319
526489	1266801369781	-122.159767800	47.771191817	28.000000000	47.421633550	70.281001376
527171	1266801369787	-122.159767800	47.771191817	28.000000000	47.421633550	70.281001376
527840	1266801369787	-122.159767800	47.771191817	28.000000000	47.421633550	70.281001376
528530	1266801371884	-122.159767800	47.771191817	28.000000000	17.068495254	23.164149319
529204	1266801372601	-122.159767800	47.771191817	28.000000000	17.068495254	23.164149319
529885	1266801372602	-122.159767800	47.771191817	28.000000000	17.068495254	23.164149319
530559	1266801373978	-122.159767800	47.771191817	28.000000000	17.068495254	23.164149319
531239	1266801374711	-122.159726533	47.771169467	27.000000000	17.068495254	23.164149319
531919	1266801374712	-122.159726533	47.771169467	27.000000000	17.068495254	23.164149319
532614	1266801376076	-122.159713000	47.771168767	26.000000000	17.068495254	23.164149319
533298	1266801376793	-122.159713000	47.771168767	26.000000000	17.068495254	23.164149319
533982	1266801377507	-122.159713000	47.771168767	26.000000000	17.068495254	23.164149319
534652	1266801377508	-122.159713000	47.771168767	26.000000000	17.068495254	23.164149319
535331	1266801377508	-122.159713000	47.771168767	26.000000000	17.068495254	23.164149319
536014	1266801378871	-122.159713000	47.771168767	26.000000000	17.068495254	23.164149319
536694	1266801379601	-122.159677667	47.771162467	25.000000000	17.068495254	23.164149319
537365	1266801379603	-122.159677667	47.771162467	25.000000000	17.068495254	23.164149319
538052	1266801379603	-122.159677667	47.771162467	25.000000000	17.068495254	23.164149319
538735	1266801381683	-122.159664267	47.771161433	25.000000000	17.068495254	23.164149319
539422	1266801382430	-122.159646783	47.771160767	25.000000000	17.068495254	23.164149319
540097	1266801383119	-122.159630967	47.771160517	24.000000000	47.421633550	70.281001376
540783	1266801383121	-122.159630967	47.771160517	24.000000000	47.421633550	70.281001376
541456	1266801384573	-122.159608050	47.771163267	24.000000000	47.421633550	70.281001376
542129	1266801384574	-122.159608050	47.771163267	24.000000000	47.421633550	70.281001376
542814	1266801385933	-122.159585483	47.771166450	24.000000000	17.068495254	23.164149319
543493	1266801386660	-122.159585483	47.771166450	24.000000000	47.421633550	70.281001376
544205	1266801387387	-122.159585483	47.771166450	24.000000000	47.421633550	70.281001376
544876	1266801387396	-122.159585483	47.771166450	24.000000000	47.421633550	70.281001376
545563	1266801388769	-122.159585483	47.771166450	24.000000000	47.421633550	70.281001376
546253	1266801389509	-122.159532217	47.771171967	24.000000000	17.068495254	23.164149319
546941	1266801389511	-122.159532217	47.771171967	24.000000000	17.068495254	23.164149319
547625	1266801389511	-122.159532217	47.771171967	24.000000000	17.068495254	23.164149319
548306	1266801391623	-122.159499867	47.771179383	24.000000000	17.068495254	23.164149319
548983	1266801392342	-122.159479233	47.771183367	24.000000000	17.068495254	23.164149319
549688	1266801393048	-122.159479233	47.771183367	24.000000000	17.068495254	23.164149319
550483	1266801393698	-122.159479233	47.771183367	24.000000000	17.068495254	23.164149319
551160	1266801394449	-122.159422917	47.771192717	24.000000000	47.421633550	23.164149319
551833	1266801394970	-122.159408300	47.771194600	24.000000000	17.068495254	23.164149319
552514	1266801394971	-122.159408300	47.771194600	24.000000000	17.068495254	23.164149319
553191	1266801396549	-122.159408300	47.771194600	24.000000000	47.421633550	70.281001376
553869	1266801396549	-122.159408300	47.771194600	24.000000000	47.421633550	70.281001376
554546	1266801396549	-122.159408300	47.771194600	24.000000000	47.421633550	70.281001376
555223	1266801398675	-122.159266317	47.771225950	25.000000000	17.068495254	23.164149319
555896	1266801398676	-122.159266317	47.771225950	25.000000000	17.068495254	23.164149319
556575	1266801398676	-122.159266317	47.771225950	25.000000000	17.068495254	23.164149319
557253	1266801398676	-122.159266317	47.771225950	25.000000000	17.068495254	23.164149319
557946	1266801401475	-122.159113733	47.771264750	26.000000000	47.421633550	70.281001376
558630	1266801401476	-122.159113733	47.771264750	26.000000000	47.421633550	70.281001376
559330	1266801402188	-122.159075200	47.771275700	26.000000000	17.068495254	23.164149319
560026	1266801402942	-122.159040767	47.771285817	26.000000000	17.068495254	23.164149319
560702	1266801402943	-122.159040767	47.771285817	26.000000000	17.068495254	23.164149319
561381	1266801404480	-122.158979950	47.771305683	27.000000000	17.068495254	23.164149319
562067	1266801405142	-122.158957917	47.771314067	28.000000000	47.421633550	23.164149319
562737	1266801405142	-122.158957917	47.771314067	28.000000000	47.421633550	23.164149319
563419	1266801406413	-122.158957917	47.771314067	28.000000000	17.068495254	23.164149319
564123	1266801407119	-122.158957917	47.771314067	28.000000000	47.421633550	70.281001376
564803	1266801407807	-122.158957917	47.771314067	28.000000000	47.421633550	70.281001376
565488	1266801408562	-122.158957917	47.771314067	28.000000000	47.421633550	70.281001376
566172	1266801409191	-122.158957917	47.771314067	28.000000000	17.068495254	23.164149319
566843	1266801409782	-122.158957917	47.771314067	28.000000000	17.068495254	23.164149319
567520	1266801409787	-122.158957917	47.771314067	28.000000000	17.068495254	23.164149319
568190	1266801411612	-122.158957917	47.771314067	28.000000000	17.068495254	23.164149319
568867	1266801412336	-122.158957917	47.771314067	28.000000000	17.068495254	23.164149319
569547	1266801413018	-122.158957917	47.771314067	28.000000000	47.421633550	70.281001376
570228	1266801413708	-122.158957917	47.771314067	28.000000000	17.068495254	23.164149319
570905	1266801413769	-122.158957917	47.771314067	28.000000000	17.068495254	23.164149319
571581	1266801413769	-122.158957917	47.771314067	28.000000000	17.068495254	23.164149319
572259	1266801413769	-122.158957917	47.771314067	28.000000000	17.068495254	23.164149319
572943	1266801415891	-122.158926033	47.771270150	28.000000000	47.421633550	70.281001376
573621	1266801415896	-122.158926033	47.771270150	28.000000000	47.421633550	70.281001376
574311	1266801415896	-122.158926033	47.771270150	28.000000000	47.421633550	70.281001376
574988	1266801418017	-122.158928850	47.771186450	27.000000000	47.421633550	70.281001376
575676	1266801418017	-122.158928850	47.771186450	27.000000000	47.421633550	70.281001376
576361	1266801418017	-122.158928850	47.771186450	27.000000000	47.421633550	70.281001376
577053	1266801420133	-122.158941167	47.771115267	27.000000000	17.068495254	23.164149319
577734	1266801420134	-122.158941167	47.771115267	27.000000000	17.068495254	23.164149319
578411	1266801420134	-122.158941167	47.771115267	27.000000000	17.068495254	23.164149319
579092	1266801420134	-122.158941167	47.771115267	27.000000000	17.068495254	23.164149319
579767	1266801422708	-122.158955633	47.771071183	27.000000000	17.068495254	23.164149319
580442	1266801422708	-122.158955633	47.771071183	27.000000000	17.068495254	23.164149319
581115	1266801422708	-122.158955633	47.771071183	27.000000000	17.068495254	23.164149319
581790	1266801424845	-122.158971483	47.771027733	27.000000000	17.068495254	23.164149319
582460	1266801424845	-122.158971483	47.771027733	27.000000000	17.068495254	23.164149319
583145	1266801424845	-122.158971483	47.771027733	27.000000000	17.068495254	23.164149319
583838	1266801426984	-122.158981350	47.770992367	27.000000000	17.068495254	23.164149319
584524	1266801426985	-122.158981350	47.770992367	27.000000000	17.068495254	23.164149319
585198	1266801426985	-122.158981350	47.770992367	27.000000000	17.068495254	23.164149319
585872	1266801429122	-122.158988950	47.770957433	26.000000000	17.068495254	23.164149319
586561	1266801429123	-122.158988950	47.770957433	26.000000000	17.068495254	23.164149319
587229	1266801429123	-122.158988950	47.770957433	26.000000000	17.068495254	23.164149319
587915	1266801431276	-122.158996000	47.770925817	26.000000000	47.421633550	70.281001376
588599	1266801431280	-122.158996000	47.770925817	26.000000000	47.421633550	70.281001376
589287	1266801431280	-122.158996000	47.770925817	26.000000000	47.421633550	70.281001376
589961	1266801433417	-122.159006683	47.770902117	26.000000000	47.421633550	70.281001376
590637	1266801433418	-122.159006683	47.770902117	26.000000000	47.421633550	70.281001376
591313	1266801433418	-122.159006683	47.770902117	26.000000000	47.421633550	70.281001376
591986	1266801435555	-122.159016200	47.770880233	27.000000000	47.421633550	70.281001376
592682	1266801435555	-122.159016200	47.770880233	27.000000000	47.421633550	70.281001376
593362	1266801435556	-122.159016200	47.770880233	27.000000000	47.421633550	70.281001376
594041	1266801435556	-122.159016200	47.770880233	27.000000000	47.421633550	70.281001376
594718	1266801437664	-122.159023967	47.770857467	27.000000000	47.421633550	70.281001376
595394	1266801437665	-122.159023967	47.770857467	27.000000000	47.421633550	70.281001376
596072	1266801437665	-122.159023967	47.770857467	27.000000000	47.421633550	70.281001376
596750	1266801439767	-122.159034200	47.770837417	27.000000000	17.068495254	23.164149319
597434	1266801440826	-122.159039200	47.770829683	27.000000000	17.068495254	23.164149319
598112	1266801440826	-122.159039200	47.770829683	27.000000000	17.068495254	23.164149319
598789	1266801441889	-122.159047950	47.770822550	27.000000000	17.068495254	23.164149319
599471	1266801441889	-122.159047950	47.770822550	27.000000000	17.068495254	23.164149319
600146	1266801441889	-122.159047950	47.770822550	27.000000000	17.068495254	23.164149319
600831	1266801443990	-122.159069967	47.770810333	28.000000000	17.068495254	23.164149319
601507	1266801443991	-122.159069967	47.770810333	28.000000000	17.068495254	23.164149319
602190	1266801443991	-122.159069967	47.770810333	28.000000000	17.068495254	23.164149319
602869	1266801446077	-122.159091567	47.770800817	28.000000000	17.068495254	23.164149319
603572	1266801447065	-122.159091567	47.770800817	28.000000000	17.068495254	23.164149319
604273	1266801447714	-122.159091567	47.770800817	28.000000000	17.068495254	23.164149319
604953	1266801448161	-122.159091567	47.770800817	28.000000000	17.068495254	23.164149319
605644	1266801448988	-122.159091567	47.770800817	28.000000000	17.068495254	70.281001376
606468	1266801449625	-122.159091567	47.770800817	28.000000000	47.421633550	70.281001376
607148	1266801450279	-122.159091567	47.770800817	28.000000000	17.068495254	70.281001376
607972	1266801450909	-122.159091567	47.770800817	28.000000000	47.421633550	70.281001376
608652	1266801451560	-122.159091567	47.770800817	28.000000000	17.068495254	23.164149319
609332	1266801452839	-122.159091567	47.770800817	28.000000000	17.068495254	23.164149319
610016	1266801453482	-122.159091567	47.770800817	28.000000000	17.068495254	23.164149319
610708	1266801453482	-122.159091567	47.770800817	28.000000000	17.068495254	23.164149319
611403	1266801454375	-122.159091567	47.770800817	28.000000000	17.068495254	23.164149319
612075	1266801454376	-122.159091567	47.770800817	28.000000000	17.068495254	23.164149319
612750	1266801454376	-122.159091567	47.770800817	28.000000000	17.068495254	23.164149319
613436	1266801456463	-122.159210317	47.770804533	27.000000000	17.068495254	23.164149319
614118	1266801456464	-122.159210317	47.770804533	27.000000000	17.068495254	23.164149319
614803	1266801457951	-122.159225700	47.770803433	27.000000000	17.068495254	23.164149319
615477	1266801458608	-122.159225700	47.770803433	27.000000000	17.068495254	23.164149319
616156	1266801458608	-122.159225700	47.770803433	27.000000000	17.068495254	23.164149319
616837	1266801459874	-122.159225700	47.770803433	27.000000000	17.068495254	23.164149319
617517	1266801460602	-122.159225700	47.770803433	27.000000000	17.068495254	23.164149319
618192	1266801461149	-122.159225700	47.770803433	27.000000000	47.421633550	70.281001376
618881	1266801461803	-122.159225700	47.770803433	27.000000000	17.068495254	23.164149319
619577	1266801463084	-122.159225700	47.770803433	27.000000000	17.068495254	23.164149319
620254	1266801463710	-122.159225700	47.770803433	27.000000000	17.068495254	23.164149319
620930	1266801464376	-122.159225700	47.770803433	27.000000000	17.068495254	23.164149319
621608	1266801464997	-122.159365900	47.770802067	28.000000000	17.068495254	23.164149319
622304	1266801465656	-122.159365900	47.770802067	28.000000000	17.068495254	23.164149319
622988	1266801466279	-122.159365900	47.770802067	28.000000000	47.421633550	70.281001376
623679	1266801466800	-122.159365900	47.770802067	28.000000000	17.068495254	23.164149319
624369	1266801467562	-122.159365900	47.770802067	28.000000000	17.068495254	23.164149319
625044	1266801467562	-122.159365900	47.770802067	28.000000000	17.068495254	23.164149319
625722	1266801468873	-122.159365900	47.770802067	28.000000000	17.068495254	23.164149319
626413	1266801469467	-122.159365900	47.770802067	28.000000000	17.068495254	23.164149319
627093	1266801469469	-122.159365900	47.770802067	28.000000000	17.068495254	23.164149319
627767	1266801470987	-122.159365900	47.770802067	28.000000000	17.068495254	23.164149319
628447	1266801470988	-122.159365900	47.770802067	28.000000000	17.068495254	23.164149319
629134	1266801470988	-122.159365900	47.770802067	28.000000000	17.068495254	23.164149319
629822	1266801473075	-122.159457683	47.770820683	28.000000000	17.068495254	23.164149319
630505	1266801473077	-122.159457683	47.770820683	28.000000000	17.068495254	23.164149319
631184	1266801473077	-122.159457683	47.770820683	28.000000000	17.068495254	23.164149319
631875	1266801475202	-122.159471633	47.770836933	27.000000000	17.068495254	23.164149319
632571	1266801475931	-122.159477417	47.770843017	28.000000000	47.421633550	70.281001376
633247	1266801476574	-122.159477417	47.770843017	28.000000000	47.421633550	70.281001376
633938	1266801477323	-122.159477417	47.770843017	28.000000000	47.421633550	70.281001376
634612	1266801477324	-122.159477417	47.770843017	28.000000000	47.421633550	70.281001376
635291	1266801477324	-122.159477417	47.770843017	28.000000000	47.421633550	70.281001376
635965	1266801479457	-122.159482317	47.770860750	28.000000000	17.068495254	23.164149319
639707	1266801481567	-122.159483317	47.770875733	27.000000000	17.068495254	70.281001376
640384	1266801483704	-122.159484950	47.770883733	27.000000000	47.421633550	70.281001376
641076	1266801483706	-122.159484950	47.770883733	27.000000000	47.421633550	70.281001376
641753	1266801483706	-122.159484950	47.770883733	27.000000000	47.421633550	70.281001376
642445	1266801485941	-122.159486717	47.770891617	28.000000000	47.421633550	70.281001376
643135	1266801486553	-122.159486717	47.770891617	28.000000000	47.421633550	70.281001376
643828	1266801486554	-122.159486717	47.770891617	28.000000000	47.421633550	70.281001376
644508	1266801487895	-122.159486717	47.770891617	28.000000000	47.421633550	70.281001376
645195	1266801487895	-122.159486717	47.770891617	28.000000000	47.421633550	70.281001376
645866	1266801487895	-122.159486717	47.770891617	28.000000000	47.421633550	70.281001376
646580	1266801490008	-122.159545067	47.770929483	27.000000000	17.068495254	23.164149319
647260	1266801490407	-122.159556133	47.770931383	27.000000000	47.421633550	70.281001376
647944	1266801490409	-122.159556133	47.770931383	27.000000000	47.421633550	70.281001376
648617	1266801492137	-122.159591050	47.770940400	27.000000000	47.421633550	70.281001376
649313	1266801492138	-122.159591050	47.770940400	27.000000000	47.421633550	70.281001376
649995	1266801492854	-122.159611833	47.770943617	27.000000000	47.421633550	70.281001376
650680	1266801492854	-122.159611833	47.770943617	27.000000000	47.421633550	70.281001376
651357	1266801492854	-122.159611833	47.770943617	27.000000000	47.421633550	70.281001376
652051	1266801492854	-122.159611833	47.770943617	27.000000000	47.421633550	70.281001376
652733	1266801492854	-122.159611833	47.770943617	27.000000000	47.421633550	70.281001376
653423	1266801496373	-122.159687267	47.770949333	27.000000000	17.068495254	23.164149319
654102	1266801497391	-122.159712850	47.770949217	27.000000000	17.068495254	23.164149319
654781	1266801497392	-122.159712850	47.770949217	27.000000000	17.068495254	23.164149319
655472	1266801498490	-122.159737100	47.770947667	28.000000000	47.421633550	70.281001376
656151	1266801498491	-122.159737100	47.770947667	28.000000000	47.421633550	70.281001376
656823	1266801499963	-122.159767300	47.770946467	28.000000000	47.421633550	70.281001376
657504	1266801500623	-122.159767300	47.770946467	28.000000000	17.068495254	23.164149319
658184	1266801500624	-122.159767300	47.770946467	28.000000000	17.068495254	23.164149319
658859	1266801500624	-122.159767300	47.770946467	28.000000000	17.068495254	23.164149319
659539	1266801502731	-122.159823483	47.770939367	28.000000000	47.421633550	70.281001376
660216	1266801502733	-122.159823483	47.770939367	28.000000000	47.421633550	70.281001376
660895	1266801502733	-122.159823483	47.770939367	28.000000000	47.421633550	70.281001376
661572	1266801505076	-122.159865200	47.770931117	28.000000000	17.068495254	23.164149319
662377	1266801505076	-122.159865200	47.770931117	28.000000000	17.068495254	23.164149319
663062	1266801505076	-122.159865200	47.770931117	28.000000000	17.068495254	23.164149319
663759	1266801506969	-122.159865200	47.770931117	28.000000000	47.421633550	70.281001376
664439	1266801507633	-122.159865200	47.770931117	28.000000000	47.421633550	70.281001376
665111	1266801507634	-122.159865200	47.770931117	28.000000000	47.421633550	70.281001376
665791	1266801509081	-122.159910283	47.770917033	29.000000000	17.068495254	23.164149319
666469	1266801509081	-122.159910283	47.770917033	29.000000000	17.068495254	23.164149319
667152	1266801509081	-122.159910283	47.770917033	29.000000000	17.068495254	23.164149319
667825	1266801511185	-122.159931783	47.770912650	29.000000000	47.421633550	70.281001376
668509	1266801511471	-122.159931783	47.770912650	29.000000000	47.421633550	70.281001376
669204	1266801512115	-122.159931783	47.770912650	29.000000000	47.421633550	70.281001376
669886	1266801513289	-122.159931783	47.770912650	29.000000000	17.068495254	23.164149319
670570	1266801513290	-122.159931783	47.770912650	29.000000000	17.068495254	23.164149319
671252	1266801514675	-122.159931783	47.770912650	29.000000000	17.068495254	23.164149319
671946	1266801515429	-122.159931783	47.770912650	29.000000000	47.421633550	70.281001376
672624	1266801515963	-122.159931783	47.770912650	29.000000000	17.068495254	23.164149319
673314	1266801516601	-122.159931783	47.770912650	29.000000000	17.068495254	23.164149319
673992	1266801516602	-122.159931783	47.770912650	29.000000000	17.068495254	23.164149319
674688	1266801517904	-122.160019417	47.770897300	28.000000000	17.068495254	23.164149319
675364	1266801518551	-122.160028217	47.770896217	28.000000000	17.068495254	23.164149319
676047	1266801519167	-122.160028217	47.770896217	28.000000000	47.421633550	70.281001376
676717	1266801519804	-122.160048100	47.770895367	28.000000000	47.421633550	70.281001376
677398	1266801520456	-122.160057883	47.770894633	28.000000000	17.068495254	23.164149319
678081	1266801521093	-122.160057883	47.770894633	28.000000000	17.068495254	23.164149319
678788	1266801521732	-122.160057883	47.770894633	28.000000000	47.421633550	70.281001376
679478	1266801521735	-122.160057883	47.770894633	28.000000000	47.421633550	70.281001376
680159	1266801521735	-122.160057883	47.770894633	28.000000000	47.421633550	70.281001376
680840	1266801523756	-122.160057883	47.770894633	28.000000000	47.421633550	70.281001376
681514	1266801523757	-122.160057883	47.770894633	28.000000000	47.421633550	70.281001376
682206	1266801523757	-122.160057883	47.770894633	28.000000000	47.421633550	70.281001376
682881	1266801525864	-122.160128833	47.770886667	29.000000000	47.421633550	70.281001376
683568	1266801526590	-122.160142417	47.770884100	30.000000000	47.421633550	70.281001376
684277	1266801526591	-122.160142417	47.770884100	30.000000000	47.421633550	70.281001376
684966	1266801527955	-122.160142417	47.770884100	30.000000000	47.421633550	70.281001376
685644	1266801527956	-122.160142417	47.770884100	30.000000000	47.421633550	70.281001376
686338	1266801529767	-122.160142417	47.770884100	30.000000000	47.421633550	70.281001376
687035	1266801530047	-122.160180817	47.770882617	31.000000000	47.421633550	70.281001376
688723	1266801531732	-122.160205567	47.770881933	31.000000000	47.421633550	70.281001376
